0	0	0	r05069	0	1	100	24	25	3.109240969	0.31	0.969879518	0.380228137	NA	3.109240969	1.1	1	1	NA	NA	NHP
0	0	0	r05069	0	1	100	48	25	3.109240969	0.34	NA	NA	NA	3.109240969	1.1	1	1	NA	NA	NHP
0	0	0	r05069	0	1	100	72	25	3.109240969	0.33	NA	NA	NA	3.109240969	1.1	1	1	NA	NA	NHP
0	0	0	r05069	0	1	100	96	25	3.109240969	0.32	NA	NA	NA	3.109240969	1.1	1	1	NA	NA	NHP
0	0	0	r05069	0	1	100	120	25	3.109240969	0.43	NA	NA	NA	3.109240969	1.1	1	1	NA	NA	NHP
0	0	0	r05069	0	1	100	144	25	3.109240969	0.54	1.078313253	0.505703422	NA	3.109240969	1.1	1	1	NA	NA	NHP
0	0	0	r05069	0	1	100	168	25	3.578176786	0.45	NA	NA	NA	3.109240969	1.1	1	1	NA	NA	NHP
0	0	0	r05069	0	1	100	192	25	4.916106725	0.59	0.987951807	0.323193916	NA	3.109240969	1.1	1	1	NA	NA	NHP
0	0	0	r05069	0	1	100	216	25	5.618510379	1.21	NA	NA	NA	3.109240969	1.1	1	1	NA	NA	NHP
0	0	0	r05069	0	1	100	240	25	5.123343807	1.9	0.843373494	0.212927757	NA	3.109240969	1.1	1	1	NA	NA	NHP
0	0	0	r05069	0	1	100	264	25	4.390711782	3.29	NA	NA	NA	3.109240969	1.1	1	1	NA	NA	NHP
0	0	0	r05069	0	1	100	312	25	3.109240969	NA	NA	NA	NA	3.109240969	1.1	1	1	NA	NA	NHP
0	0	0	r05069	0	1	100	360	25	3.109240969	3.42	10.52469136	0.425925926	NA	3.109240969	1.1	1	1	NA	NA	NHP
0	0	0	r05069	0	1	100	528	25	3.109240969	0.44	11.58024691	3.820987654	NA	3.109240969	1.1	1	1	NA	NA	NHP
0	0	0	r05069	0	1	100	696	25	3.109240969	0.45	10.4382716	3.901234568	NA	3.109240969	1.1	1	1	NA	NA	NHP
0	0	1	r10017	0	1	100	24	25	3.109240969	0.32	0.307228916	0.27756654	NA	3.109240969	1.1	1	1	NA	NA	NHP
0	0	1	r10017	0	1	100	48	25	3.109240969	0.26	NA	NA	NA	3.109240969	1.1	1	1	NA	NA	NHP
0	0	1	r10017	0	1	100	72	25	3.109240969	0.29	NA	NA	NA	3.109240969	1.1	1	1	NA	NA	NHP
0	0	1	r10017	0	1	100	96	25	3.109240969	0.27	NA	NA	NA	3.109240969	1.1	1	1	NA	NA	NHP
0	0	1	r10017	0	1	100	120	25	3.514771704	0.31	NA	NA	NA	3.109240969	1.1	1	1	NA	NA	NHP
0	0	1	r10017	0	1	100	144	25	5.731916889	0.83	0.295180723	0.353612167	NA	3.109240969	1.1	1	1	NA	NA	NHP
0	0	1	r10017	0	1	100	168	25	5.683178952	2.19	NA	NA	NA	3.109240969	1.1	1	1	NA	NA	NHP
0	0	1	r10017	0	1	100	192	25	5.652109447	3.94	0.331325301	0.33460076	NA	3.109240969	1.1	1	1	NA	NA	NHP
0	0	1	r10017	0	1	100	216	25	4.382560562	4.54	NA	NA	NA	3.109240969	1.1	1	1	NA	NA	NHP
0	0	1	r10017	0	1	100	240	25	3.109240969	2.93	2.301204819	0.33460076	NA	3.109240969	1.1	1	1	NA	NA	NHP
0	0	1	r10017	0	1	100	264	25	3.109240969	1.82	NA	NA	NA	3.109240969	1.1	1	1	NA	NA	NHP
0	0	1	r10017	0	1	100	312	25	3.109240969	NA	NA	NA	NA	3.109240969	1.1	1	1	NA	NA	NHP
0	0	1	r10017	0	1	100	360	25	3.109240969	1.35	12.83950617	1.339506173	NA	3.109240969	1.1	1	1	NA	NA	NHP
0	0	1	r10017	0	1	100	528	25	3.109240969	0.38	11.34567901	3.611111111	NA	3.109240969	1.1	1	1	NA	NA	NHP
0	0	1	r10017	0	1	100	696	25	3.109240969	0.56	8.413580247	3.765432099	NA	3.109240969	1.1	1	1	NA	NA	NHP
0	0	2	r11012	0	1	100	24	25	3.109240969	0.22	1.969879518	0.258555133	NA	3.109240969	1.1	1	1	NA	NA	NHP
0	0	2	r11012	0	1	100	48	25	3.109240969	0.22	NA	NA	NA	3.109240969	1.1	1	1	NA	NA	NHP
0	0	2	r11012	0	1	100	72	25	3.109240969	0.29	NA	NA	NA	3.109240969	1.1	1	1	NA	NA	NHP
0	0	2	r11012	0	1	100	96	25	3.109240969	0.23	NA	NA	NA	3.109240969	1.1	1	1	NA	NA	NHP
0	0	2	r11012	0	1	100	120	25	3.109240969	0.47	NA	NA	NA	3.109240969	1.1	1	1	NA	NA	NHP
0	0	2	r11012	0	1	100	144	25	3.109240969	0.42	2.030120482	0.315589354	NA	3.109240969	1.1	1	1	NA	NA	NHP
0	0	2	r11012	0	1	100	168	25	4.052007915	0.45	NA	NA	NA	3.109240969	1.1	1	1	NA	NA	NHP
0	0	2	r11012	0	1	100	192	25	5.827213537	1.21	2.138554217	0.178707224	NA	3.109240969	1.1	1	1	NA	NA	NHP
0	0	2	r11012	0	1	100	216	25	6.318330845	4.53	NA	NA	NA	3.109240969	1.1	1	1	NA	NA	NHP
0	0	2	r11012	0	1	100	240	25	3.109240969	2.81	0.301204819	0.273764259	NA	3.109240969	1.1	1	1	NA	NA	NHP
0	0	2	r11012	0	1	100	264	25	4.99043124	8.57	NA	NA	NA	3.109240969	1.1	1	1	NA	NA	NHP
0	0	2	r11012	0	1	100	312	25	3.981643767	NA	NA	NA	NA	3.109240969	1.1	1	1	NA	NA	NHP
0	0	2	r11012	0	1	100	360	25	3.109240969	1.5	8.697530864	0.518518519	NA	3.109240969	1.1	1	1	NA	NA	NHP
0	0	2	r11012	0	1	100	528	25	3.109240969	0.41	6.197530864	1.592592593	NA	3.109240969	1.1	1	1	NA	NA	NHP
0	0	2	r11012	0	1	100	696	25	3.109240969	0.36	4.364197531	2.154320988	NA	3.109240969	1.1	1	1	NA	NA	NHP
0	0	3	r11042	0	1	100	24	25	3.109240969	0.2	0.054216867	0.08365019	NA	3.109240969	1.1	1	1	NA	NA	NHP
0	0	3	r11042	0	1	100	48	25	3.109240969	0.24	NA	NA	NA	3.109240969	1.1	1	1	NA	NA	NHP
0	0	3	r11042	0	1	100	72	25	3.109240969	0.23	NA	NA	NA	3.109240969	1.1	1	1	NA	NA	NHP
0	0	3	r11042	0	1	100	96	25	3.109240969	0.22	NA	NA	NA	3.109240969	1.1	1	1	NA	NA	NHP
0	0	3	r11042	0	1	100	120	25	3.109240969	0.42	NA	NA	NA	3.109240969	1.1	1	1	NA	NA	NHP
0	0	3	r11042	0	1	100	144	25	4.484124757	0.47	0.072289157	0.152091255	NA	3.109240969	1.1	1	1	NA	NA	NHP
0	0	3	r11042	0	1	100	168	25	5.590217724	0.5	NA	NA	NA	3.109240969	1.1	1	1	NA	NA	NHP
0	0	3	r11042	0	1	100	192	25	5.945145682	1.29	0.036144578	0.197718631	NA	3.109240969	1.1	1	1	NA	NA	NHP
0	0	3	r11042	0	1	100	216	25	4.629001415	2.41	NA	NA	NA	3.109240969	1.1	1	1	NA	NA	NHP
0	0	3	r11042	0	1	100	240	25	3.406569132	2.11	0.397590361	0.102661597	NA	3.109240969	1.1	1	1	NA	NA	NHP
0	0	3	r11042	0	1	100	264	25	3.109240969	3.29	NA	NA	NA	3.109240969	1.1	1	1	NA	NA	NHP
0	0	3	r11042	0	1	100	312	25	3.109240969	NA	NA	NA	NA	3.109240969	1.1	1	1	NA	NA	NHP
0	0	3	r11042	0	1	100	360	25	3.109240969	2.4	8.734567901	0.209876543	NA	3.109240969	1.1	1	1	NA	NA	NHP
0	0	3	r11042	0	1	100	528	25	3.109240969	0.43	9.086419753	3	NA	3.109240969	1.1	1	1	NA	NA	NHP
0	0	3	r11042	0	1	100	696	25	3.109240969	0.38	6.851851852	3.481481481	NA	3.109240969	1.1	1	1	NA	NA	NHP
0	0	4	r12125	0	1	100	24	25	3.109240969	0.27	0.222891566	0.247148289	NA	3.109240969	1.1	1	1	NA	NA	NHP
0	0	4	r12125	0	1	100	48	25	3.109240969	0.25	NA	NA	NA	3.109240969	1.1	1	1	NA	NA	NHP
0	0	4	r12125	0	1	100	72	25	3.109240969	0.27	NA	NA	NA	3.109240969	1.1	1	1	NA	NA	NHP
0	0	4	r12125	0	1	100	96	25	3.109240969	0.33	NA	NA	NA	3.109240969	1.1	1	1	NA	NA	NHP
0	0	4	r12125	0	1	100	120	25	3.109240969	0.63	NA	NA	NA	3.109240969	1.1	1	1	NA	NA	NHP
0	0	4	r12125	0	1	100	144	25	3.961783883	0.3	0.162650602	0.269961977	NA	3.109240969	1.1	1	1	NA	NA	NHP
0	0	4	r12125	0	1	100	168	25	4.857189075	0.68	NA	NA	NA	3.109240969	1.1	1	1	NA	NA	NHP
0	0	4	r12125	0	1	100	192	25	5.30229802	1.54	0.361445783	0.281368821	NA	3.109240969	1.1	1	1	NA	NA	NHP
0	0	4	r12125	0	1	100	216	25	4.751143019	3.13	NA	NA	NA	3.109240969	1.1	1	1	NA	NA	NHP
0	0	4	r12125	0	1	100	240	25	3.822383865	4.94	0.560240964	0.247148289	NA	3.109240969	1.1	1	1	NA	NA	NHP
0	0	4	r12125	0	1	100	264	25	3.150607045	5.61	NA	NA	NA	3.109240969	1.1	1	1	NA	NA	NHP
0	0	4	r12125	0	1	100	312	25	3.109240969	NA	NA	NA	NA	3.109240969	1.1	1	1	NA	NA	NHP
0	0	4	r12125	0	1	100	360	25	3.109240969	1.53	11.80864198	0.543209877	NA	3.109240969	1.1	1	1	NA	NA	NHP
0	0	4	r12125	0	1	100	528	25	3.109240969	0.39	10.32716049	3.611111111	NA	3.109240969	1.1	1	1	NA	NA	NHP
0	0	4	r12125	0	1	100	696	25	3.109240969	0.28	8.549382716	4.49382716	NA	3.109240969	1.1	1	1	NA	NA	NHP
0	0	5	r13167	0	1	100	24	25	3.109240969	0.19	0.289156627	0.163498099	NA	3.109240969	1.1	1	1	NA	NA	NHP
0	0	5	r13167	0	1	100	48	25	3.109240969	0.19	NA	NA	NA	3.109240969	1.1	1	1	NA	NA	NHP
0	0	5	r13167	0	1	100	72	25	3.109240969	0.2	NA	NA	NA	3.109240969	1.1	1	1	NA	NA	NHP
0	0	5	r13167	0	1	100	96	25	3.109240969	0.33	NA	NA	NA	3.109240969	1.1	1	1	NA	NA	NHP
0	0	5	r13167	0	1	100	120	25	3.109240969	0.3	NA	NA	NA	3.109240969	1.1	1	1	NA	NA	NHP
0	0	5	r13167	0	1	100	144	25	3.109240969	0.31	0.222891566	0.117870722	NA	3.109240969	1.1	1	1	NA	NA	NHP
0	0	5	r13167	0	1	100	168	25	3.385403675	0.24	NA	NA	NA	3.109240969	1.1	1	1	NA	NA	NHP
0	0	5	r13167	0	1	100	192	25	5.046747032	0.34	0.512048193	0.182509506	NA	3.109240969	1.1	1	1	NA	NA	NHP
0	0	5	r13167	0	1	100	216	25	5.442284685	0.63	NA	NA	NA	3.109240969	1.1	1	1	NA	NA	NHP
0	0	5	r13167	0	1	100	240	25	5.25426619	1.02	0.074074074	0	NA	3.109240969	1.1	1	1	NA	NA	NHP
0	0	5	r13167	0	1	100	264	25	4.835357083	1.41	NA	NA	NA	3.109240969	1.1	1	1	NA	NA	NHP
0	0	5	r13167	0	1	100	312	25	3.109240969	NA	NA	NA	NA	3.109240969	1.1	1	1	NA	NA	NHP
0	0	5	r13167	0	1	100	360	25	3.109240969	0.27	NA	NA	NA	3.109240969	1.1	1	1	NA	NA	NHP
0	0	5	r13167	0	1	100	528	25	3.109240969	0.3	12.85185185	2.543209877	NA	3.109240969	1.1	1	1	NA	NA	NHP
0	0	5	r13167	0	1	100	696	25	3.109240969	0.25	12.12345679	3.790123457	NA	3.109240969	1.1	1	1	NA	NA	NHP
1	0	0	r10077	0	1	1000	24	25	3.109240969	0.25	0.325301205	0.243346008	NA	3.109240969	1.1	1	1	NA	NA	NHP
1	0	0	r10077	0	1	1000	48	25	3.109240969	0.26	NA	NA	NA	3.109240969	1.1	1	1	NA	NA	NHP
1	0	0	r10077	0	1	1000	72	25	3.109240969	0.28	NA	NA	NA	3.109240969	1.1	1	1	NA	NA	NHP
1	0	0	r10077	0	1	1000	96	25	3.109240969	0.24	NA	NA	NA	3.109240969	1.1	1	1	NA	NA	NHP
1	0	0	r10077	0	1	1000	120	25	3.356278325	0.51	NA	NA	NA	3.109240969	1.1	1	1	NA	NA	NHP
1	0	0	r10077	0	1	1000	144	25	4.68602443	0.41	0.307228916	0.262357414	NA	3.109240969	1.1	1	1	NA	NA	NHP
1	0	0	r10077	0	1	1000	168	25	5.419370923	0.5	NA	NA	NA	3.109240969	1.1	1	1	NA	NA	NHP
1	0	0	r10077	0	1	1000	192	25	5.489143321	1.14	0.361445783	0.296577947	NA	3.109240969	1.1	1	1	NA	NA	NHP
1	0	0	r10077	0	1	1000	216	25	4.345962521	1.7	NA	NA	NA	3.109240969	1.1	1	1	NA	NA	NHP
1	0	0	r10077	0	1	1000	240	25	4.35918659	1.93	0.554216867	0.235741445	NA	3.109240969	1.1	1	1	NA	NA	NHP
1	0	0	r10077	0	1	1000	264	25	3.608249252	2.66	NA	NA	NA	3.109240969	1.1	1	1	NA	NA	NHP
1	0	0	r10077	0	1	1000	312	25	3.109240969	NA	NA	NA	NA	3.109240969	1.1	1	1	NA	NA	NHP
1	0	0	r10077	0	1	1000	360	25	3.109240969	2.37	7.956790123	0.790123457	NA	3.109240969	1.1	1	1	NA	NA	NHP
1	0	0	r10077	0	1	1000	528	25	3.109240969	0.36	7.111111111	2.858024691	NA	3.109240969	1.1	1	1	NA	NA	NHP
1	0	0	r10077	0	1	1000	696	25	3.109240969	0.34	4.580246914	3.209876543	NA	3.109240969	1.1	1	1	NA	NA	NHP
1	0	1	r10107	0	1	1000	24	25	3.109240969	0.21	0.295180723	0.186311787	NA	3.109240969	1.1	1	1	NA	NA	NHP
1	0	1	r10107	0	1	1000	48	25	3.109240969	0.28	NA	NA	NA	3.109240969	1.1	1	1	NA	NA	NHP
1	0	1	r10107	0	1	1000	72	25	3.109240969	0.28	NA	NA	NA	3.109240969	1.1	1	1	NA	NA	NHP
1	0	1	r10107	0	1	1000	96	25	3.109240969	0.25	NA	NA	NA	3.109240969	1.1	1	1	NA	NA	NHP
1	0	1	r10107	0	1	1000	120	25	3.558024999	0.31	NA	NA	NA	3.109240969	1.1	1	1	NA	NA	NHP
1	0	1	r10107	0	1	1000	144	25	4.856498172	0.45	0.265060241	0.205323194	NA	3.109240969	1.1	1	1	NA	NA	NHP
1	0	1	r10107	0	1	1000	168	25	5.766972657	0.61	NA	NA	NA	3.109240969	1.1	1	1	NA	NA	NHP
1	0	1	r10107	0	1	1000	192	25	6.139593218	1.55	0.337349398	0.212927757	NA	3.109240969	1.1	1	1	NA	NA	NHP
1	0	1	r10107	0	1	1000	216	25	5.427306349	2.79	NA	NA	NA	3.109240969	1.1	1	1	NA	NA	NHP
1	0	1	r10107	0	1	1000	240	25	4.288629458	2.45	0.548192771	0.205323194	NA	3.109240969	1.1	1	1	NA	NA	NHP
1	0	1	r10107	0	1	1000	264	25	3.665475922	3.85	NA	NA	NA	3.109240969	1.1	1	1	NA	NA	NHP
1	0	1	r10107	0	1	1000	312	25	3.109240969	NA	NA	NA	NA	3.109240969	1.1	1	1	NA	NA	NHP
1	0	1	r10107	0	1	1000	360	25	3.109240969	2.76	13.99382716	0.574074074	NA	3.109240969	1.1	1	1	NA	NA	NHP
1	0	1	r10107	0	1	1000	528	25	3.109240969	0.4	13.37037037	3.104938272	NA	3.109240969	1.1	1	1	NA	NA	NHP
1	0	1	r10107	0	1	1000	696	25	3.109240969	0.4	11.91358025	3.166666667	NA	3.109240969	1.1	1	1	NA	NA	NHP
1	0	2	r12033	0	1	1000	24	25	3.109240969	0.28	0.487951807	0.281368821	NA	3.109240969	1.1	1	1	NA	NA	NHP
1	0	2	r12033	0	1	1000	48	25	3.109240969	0.28	NA	NA	NA	3.109240969	1.1	1	1	NA	NA	NHP
1	0	2	r12033	0	1	1000	72	25	3.109240969	0.25	NA	NA	NA	3.109240969	1.1	1	1	NA	NA	NHP
1	0	2	r12033	0	1	1000	96	25	3.109240969	0.32	NA	NA	NA	3.109240969	1.1	1	1	NA	NA	NHP
1	0	2	r12033	0	1	1000	120	25	3.109240969	0.54	NA	NA	NA	3.109240969	1.1	1	1	NA	NA	NHP
1	0	2	r12033	0	1	1000	144	25	4.227914457	0.32	0.409638554	0.36121673	NA	3.109240969	1.1	1	1	NA	NA	NHP
1	0	2	r12033	0	1	1000	168	25	4.681528621	0.42	NA	NA	NA	3.109240969	1.1	1	1	NA	NA	NHP
1	0	2	r12033	0	1	1000	192	25	4.332177805	0.96	0.43373494	0.285171103	NA	3.109240969	1.1	1	1	NA	NA	NHP
1	0	2	r12033	0	1	1000	216	25	3.109240969	1.22	NA	NA	NA	3.109240969	1.1	1	1	NA	NA	NHP
1	0	2	r12033	0	1	1000	240	25	3.109240969	1.96	1.506024096	0.239543726	NA	3.109240969	1.1	1	1	NA	NA	NHP
1	0	2	r12033	0	1	1000	264	25	3.109240969	1.67	NA	NA	NA	3.109240969	1.1	1	1	NA	NA	NHP
1	0	2	r12033	0	1	1000	312	25	3.109240969	NA	NA	NA	NA	3.109240969	1.1	1	1	NA	NA	NHP
1	0	2	r12033	0	1	1000	360	25	3.109240969	1.05	13.58024691	0.635802469	NA	3.109240969	1.1	1	1	NA	NA	NHP
1	0	2	r12033	0	1	1000	528	25	3.109240969	0.29	13.09259259	3.12962963	NA	3.109240969	1.1	1	1	NA	NA	NHP
1	0	2	r12033	0	1	1000	696	25	3.109240969	0.32	12.21604938	3.901234568	NA	3.109240969	1.1	1	1	NA	NA	NHP
1	0	3	r12069	0	1	1000	24	25	3.109240969	0.17	0.060240964	0.144486692	NA	3.109240969	1.1	1	1	NA	NA	NHP
1	0	3	r12069	0	1	1000	48	25	3.109240969	0.2	NA	NA	NA	3.109240969	1.1	1	1	NA	NA	NHP
1	0	3	r12069	0	1	1000	72	25	3.109240969	0.2	NA	NA	NA	3.109240969	1.1	1	1	NA	NA	NHP
1	0	3	r12069	0	1	1000	96	25	3.109240969	0.26	NA	NA	NA	3.109240969	1.1	1	1	NA	NA	NHP
1	0	3	r12069	0	1	1000	120	25	3.688954648	0.4	NA	NA	NA	3.109240969	1.1	1	1	NA	NA	NHP
1	0	3	r12069	0	1	1000	144	25	5.141344589	0.4	0.096385542	0.205323194	NA	3.109240969	1.1	1	1	NA	NA	NHP
1	0	3	r12069	0	1	1000	168	25	5.78157918	0.92	NA	NA	NA	3.109240969	1.1	1	1	NA	NA	NHP
1	0	3	r12069	0	1	1000	192	25	5.941895171	2.74	0.397590361	0.285171103	NA	3.109240969	1.1	1	1	NA	NA	NHP
1	0	3	r12069	0	1	1000	216	25	4.744992143	4.36	NA	NA	NA	3.109240969	1.1	1	1	NA	NA	NHP
1	0	3	r12069	0	1	1000	240	25	3.778180202	5.14	2.102409639	0.201520913	NA	3.109240969	1.1	1	1	NA	NA	NHP
1	0	3	r12069	0	1	1000	264	25	3.336787832	5.11	NA	NA	NA	3.109240969	1.1	1	1	NA	NA	NHP
1	0	3	r12069	0	1	1000	312	25	3.109240969	NA	NA	NA	NA	3.109240969	1.1	1	1	NA	NA	NHP
1	0	3	r12069	0	1	1000	360	25	3.109240969	0.5	9.117283951	1.635802469	NA	3.109240969	1.1	1	1	NA	NA	NHP
1	0	3	r12069	0	1	1000	528	25	3.109240969	0.31	6.438271605	3.685185185	NA	3.109240969	1.1	1	1	NA	NA	NHP
1	0	3	r12069	0	1	1000	696	25	3.109240969	0.31	3.87037037	4.882716049	NA	3.109240969	1.1	1	1	NA	NA	NHP
1	0	4	r12112	0	1	1000	24	25	3.109240969	0.18	0.15060241	0.072243346	NA	3.109240969	1.1	1	1	NA	NA	NHP
1	0	4	r12112	0	1	1000	48	25	3.109240969	0.21	NA	NA	NA	3.109240969	1.1	1	1	NA	NA	NHP
1	0	4	r12112	0	1	1000	72	25	3.109240969	0.23	NA	NA	NA	3.109240969	1.1	1	1	NA	NA	NHP
1	0	4	r12112	0	1	1000	96	25	3.109240969	0.36	NA	NA	NA	3.109240969	1.1	1	1	NA	NA	NHP
1	0	4	r12112	0	1	1000	120	25	3.109240969	0.55	NA	NA	NA	3.109240969	1.1	1	1	NA	NA	NHP
1	0	4	r12112	0	1	1000	144	25	4.53369285	0.28	0.096385542	0.190114068	NA	3.109240969	1.1	1	1	NA	NA	NHP
1	0	4	r12112	0	1	1000	168	25	5.527861317	0.56	NA	NA	NA	3.109240969	1.1	1	1	NA	NA	NHP
1	0	4	r12112	0	1	1000	192	25	5.735399696	1.34	0.108433735	0.079847909	NA	3.109240969	1.1	1	1	NA	NA	NHP
1	0	4	r12112	0	1	1000	216	25	5.025276283	2.07	NA	NA	NA	3.109240969	1.1	1	1	NA	NA	NHP
1	0	4	r12112	0	1	1000	240	25	3.524146769	1.49	8.030120482	0.133079848	NA	3.109240969	1.1	1	1	NA	NA	NHP
1	0	4	r12112	0	1	1000	264	25	3.109240969	3.49	NA	NA	NA	3.109240969	1.1	1	1	NA	NA	NHP
1	0	4	r12112	0	1	1000	312	25	3.109240969	NA	NA	NA	NA	3.109240969	1.1	1	1	NA	NA	NHP
1	0	4	r12112	0	1	1000	360	25	3.109240969	2.18	8.413580247	0.401234568	NA	3.109240969	1.1	1	1	NA	NA	NHP
1	0	4	r12112	0	1	1000	528	25	3.109240969	0.35	NA	NA	NA	3.109240969	1.1	1	1	NA	NA	NHP
1	0	4	r12112	0	1	1000	696	25	3.109240969	0.36	6.703703704	2.697530864	NA	3.109240969	1.1	1	1	NA	NA	NHP
1	0	5	r12149	0	1	1000	24	25	3.109240969	0.24	0.680722892	0.148288973	NA	3.109240969	1.1	1	1	NA	NA	NHP
1	0	5	r12149	0	1	1000	48	25	3.109240969	0.23	NA	NA	NA	3.109240969	1.1	1	1	NA	NA	NHP
1	0	5	r12149	0	1	1000	72	25	3.109240969	0.26	NA	NA	NA	3.109240969	1.1	1	1	NA	NA	NHP
1	0	5	r12149	0	1	1000	96	25	3.109240969	0.44	NA	NA	NA	3.109240969	1.1	1	1	NA	NA	NHP
1	0	5	r12149	0	1	1000	120	25	3.294786501	0.39	NA	NA	NA	3.109240969	1.1	1	1	NA	NA	NHP
1	0	5	r12149	0	1	1000	144	25	4.262144998	0.32	0.897590361	0.159695817	NA	3.109240969	1.1	1	1	NA	NA	NHP
1	0	5	r12149	0	1	1000	168	25	5.373256309	0.47	NA	NA	NA	3.109240969	1.1	1	1	NA	NA	NHP
1	0	5	r12149	0	1	1000	192	25	5.870934139	1.02	0.771084337	0.209125475	NA	3.109240969	1.1	1	1	NA	NA	NHP
1	0	5	r12149	0	1	1000	216	25	5.434791694	2.17	NA	NA	NA	3.109240969	1.1	1	1	NA	NA	NHP
1	0	5	r12149	0	1	1000	240	25	4.424443856	2.39	0.679012346	0.12962963	NA	3.109240969	1.1	1	1	NA	NA	NHP
1	0	5	r12149	0	1	1000	264	25	3.453783988	4.01	NA	NA	NA	3.109240969	1.1	1	1	NA	NA	NHP
1	0	5	r12149	0	1	1000	312	25	3.109240969	NA	NA	NA	NA	3.109240969	1.1	1	1	NA	NA	NHP
1	0	5	r12149	0	1	1000	360	25	3.109240969	3.27	11.38888889	0.703703704	NA	3.109240969	1.1	1	1	NA	NA	NHP
1	0	5	r12149	0	1	1000	528	25	3.109240969	0.43	12.12962963	3.314814815	NA	3.109240969	1.1	1	1	NA	NA	NHP
1	0	5	r12149	0	1	1000	696	25	3.109240969	0.37	10.85185185	4.092592593	NA	3.109240969	1.1	1	1	NA	NA	NHP
2	0	0	r10005	0	1	10000	24	25	3.109240969	0.27	0.578313253	0.231939163	NA	3.109240969	1.1	1	1	NA	NA	NHP
2	0	0	r10005	0	1	10000	48	25	3.109240969	0.25	NA	NA	NA	3.109240969	1.1	1	1	NA	NA	NHP
2	0	0	r10005	0	1	10000	72	25	3.109240969	0.23	NA	NA	NA	3.109240969	1.1	1	1	NA	NA	NHP
2	0	0	r10005	0	1	10000	96	25	3.109240969	0.28	NA	NA	NA	3.109240969	1.1	1	1	NA	NA	NHP
2	0	0	r10005	0	1	10000	120	25	3.109240969	0.29	NA	NA	NA	3.109240969	1.1	1	1	NA	NA	NHP
2	0	0	r10005	0	1	10000	144	25	4.175708912	0.44	0.638554217	0.281368821	NA	3.109240969	1.1	1	1	NA	NA	NHP
2	0	0	r10005	0	1	10000	168	25	4.904280673	0.32	NA	NA	NA	3.109240969	1.1	1	1	NA	NA	NHP
2	0	0	r10005	0	1	10000	192	25	5.562695608	0.91	0.518072289	0.16730038	NA	3.109240969	1.1	1	1	NA	NA	NHP
2	0	0	r10005	0	1	10000	216	25	5.289155847	1.61	NA	NA	NA	3.109240969	1.1	1	1	NA	NA	NHP
2	0	0	r10005	0	1	10000	240	25	4.493586578	1.64	0.86746988	0.224334601	NA	3.109240969	1.1	1	1	NA	NA	NHP
2	0	0	r10005	0	1	10000	264	25	3.163570819	2.94	NA	NA	NA	3.109240969	1.1	1	1	NA	NA	NHP
2	0	0	r10005	0	1	10000	312	25	3.109240969	NA	NA	NA	NA	3.109240969	1.1	1	1	NA	NA	NHP
2	0	0	r10005	0	1	10000	360	25	3.109240969	0.91	13.5308642	1.327160494	NA	3.109240969	1.1	1	1	NA	NA	NHP
2	0	0	r10005	0	1	10000	528	25	3.109240969	0.37	12.34567901	3.302469136	NA	3.109240969	1.1	1	1	NA	NA	NHP
2	0	0	r10005	0	1	10000	696	25	3.109240969	0.34	9.839506173	3.444444444	NA	3.109240969	1.1	1	1	NA	NA	NHP
2	0	1	r11109	0	1	10000	24	25	3.109240969	0.29	0.289156627	0.231939163	NA	3.109240969	1.1	1	1	NA	NA	NHP
2	0	1	r11109	0	1	10000	48	25	3.109240969	0.31	NA	NA	NA	3.109240969	1.1	1	1	NA	NA	NHP
2	0	1	r11109	0	1	10000	72	25	3.109240969	0.31	NA	NA	NA	3.109240969	1.1	1	1	NA	NA	NHP
2	0	1	r11109	0	1	10000	96	25	3.345242998	0.28	NA	NA	NA	3.109240969	1.1	1	1	NA	NA	NHP
2	0	1	r11109	0	1	10000	120	25	3.660098622	0.54	NA	NA	NA	3.109240969	1.1	1	1	NA	NA	NHP
2	0	1	r11109	0	1	10000	144	25	3.996292135	0.61	0.289156627	0.243346008	NA	3.109240969	1.1	1	1	NA	NA	NHP
2	0	1	r11109	0	1	10000	168	25	4.145269767	0.82	NA	NA	NA	3.109240969	1.1	1	1	NA	NA	NHP
2	0	1	r11109	0	1	10000	192	25	3.15927235	1.41	0.873493976	0.307984791	NA	3.109240969	1.1	1	1	NA	NA	NHP
2	0	1	r11109	0	1	10000	216	25	3.109240969	2.07	NA	NA	NA	3.109240969	1.1	1	1	NA	NA	NHP
2	0	1	r11109	0	1	10000	240	25	3.109240969	2.14	4.06626506	0.243346008	NA	3.109240969	1.1	1	1	NA	NA	NHP
2	0	1	r11109	0	1	10000	264	25	3.109240969	1.52	NA	NA	NA	3.109240969	1.1	1	1	NA	NA	NHP
2	0	1	r11109	0	1	10000	312	25	3.109240969	NA	NA	NA	NA	3.109240969	1.1	1	1	NA	NA	NHP
2	0	1	r11109	0	1	10000	360	25	3.109240969	0.71	14.33950617	1.351851852	NA	3.109240969	1.1	1	1	NA	NA	NHP
2	0	1	r11109	0	1	10000	528	25	3.109240969	0.46	13.45679012	3.462962963	NA	3.109240969	1.1	1	1	NA	NA	NHP
2	0	1	r11109	0	1	10000	696	25	3.109240969	0.39	12.91975309	4.067901235	NA	3.109240969	1.1	1	1	NA	NA	NHP
2	0	2	r12045	0	1	10000	24	25	3.109240969	0.27	0.469879518	0.220532319	NA	3.109240969	1.1	1	1	NA	NA	NHP
2	0	2	r12045	0	1	10000	48	25	3.109240969	0.26	NA	NA	NA	3.109240969	1.1	1	1	NA	NA	NHP
2	0	2	r12045	0	1	10000	72	25	3.109240969	0.24	NA	NA	NA	3.109240969	1.1	1	1	NA	NA	NHP
2	0	2	r12045	0	1	10000	96	25	3.109240969	0.33	NA	NA	NA	3.109240969	1.1	1	1	NA	NA	NHP
2	0	2	r12045	0	1	10000	120	25	4.072960025	2	NA	NA	NA	3.109240969	1.1	1	1	NA	NA	NHP
2	0	2	r12045	0	1	10000	144	25	5.586053072	0.36	0.457831325	0.243346008	NA	3.109240969	1.1	1	1	NA	NA	NHP
2	0	2	r12045	0	1	10000	168	25	6.297476796	1.55	NA	NA	NA	3.109240969	1.1	1	1	NA	NA	NHP
2	0	2	r12045	0	1	10000	192	25	5.903816352	3.4	0.524096386	0.258555133	NA	3.109240969	1.1	1	1	NA	NA	NHP
2	0	2	r12045	0	1	10000	216	25	4.815891204	3.94	NA	NA	NA	3.109240969	1.1	1	1	NA	NA	NHP
2	0	2	r12045	0	1	10000	240	25	3.451596102	3.73	3.198795181	0.228136882	NA	3.109240969	1.1	1	1	NA	NA	NHP
2	0	2	r12045	0	1	10000	264	25	3.109240969	1.55	NA	NA	NA	3.109240969	1.1	1	1	NA	NA	NHP
2	0	2	r12045	0	1	10000	312	25	3.109240969	NA	NA	NA	NA	3.109240969	1.1	1	1	NA	NA	NHP
2	0	2	r12045	0	1	10000	360	25	3.109240969	0.55	13.41358025	3.537037037	NA	3.109240969	1.1	1	1	NA	NA	NHP
2	0	2	r12045	0	1	10000	528	25	3.109240969	0.29	11.38271605	4.802469136	NA	3.109240969	1.1	1	1	NA	NA	NHP
2	0	2	r12045	0	1	10000	696	25	3.109240969	0.3	9.827160494	4.419753086	NA	3.109240969	1.1	1	1	NA	NA	NHP
2	0	3	r12059	0	1	10000	24	25	3.109240969	0.24	0.548192771	0.186311787	NA	3.109240969	1.1	1	1	NA	NA	NHP
2	0	3	r12059	0	1	10000	48	25	3.109240969	0.24	NA	NA	NA	3.109240969	1.1	1	1	NA	NA	NHP
2	0	3	r12059	0	1	10000	72	25	3.109240969	0.28	NA	NA	NA	3.109240969	1.1	1	1	NA	NA	NHP
2	0	3	r12059	0	1	10000	96	25	3.109240969	0.31	NA	NA	NA	3.109240969	1.1	1	1	NA	NA	NHP
2	0	3	r12059	0	1	10000	120	25	3.746001755	1.3	NA	NA	NA	3.109240969	1.1	1	1	NA	NA	NHP
2	0	3	r12059	0	1	10000	144	25	5.476860165	0.32	0.506024096	0.285171103	NA	3.109240969	1.1	1	1	NA	NA	NHP
2	0	3	r12059	0	1	10000	168	25	5.96697481	0.95	NA	NA	NA	3.109240969	1.1	1	1	NA	NA	NHP
2	0	3	r12059	0	1	10000	192	25	5.715076752	2.37	0.644578313	0.228136882	NA	3.109240969	1.1	1	1	NA	NA	NHP
2	0	3	r12059	0	1	10000	216	25	4.992077256	3.05	NA	NA	NA	3.109240969	1.1	1	1	NA	NA	NHP
2	0	3	r12059	0	1	10000	240	25	3.545866019	3.14	2.277108434	0.212927757	NA	3.109240969	1.1	1	1	NA	NA	NHP
2	0	3	r12059	0	1	10000	264	25	3.109240969	1.43	NA	NA	NA	3.109240969	1.1	1	1	NA	NA	NHP
2	0	3	r12059	0	1	10000	312	25	3.109240969	NA	NA	NA	NA	3.109240969	1.1	1	1	NA	NA	NHP
2	0	3	r12059	0	1	10000	360	25	3.109240969	0.84	13.04938272	2.24691358	NA	3.109240969	1.1	1	1	NA	NA	NHP
2	0	3	r12059	0	1	10000	528	25	3.109240969	0.36	11.51851852	4.111111111	NA	3.109240969	1.1	1	1	NA	NA	NHP
2	0	3	r12059	0	1	10000	696	25	3.109240969	0.31	10.54320988	4.407407407	NA	3.109240969	1.1	1	1	NA	NA	NHP
2	0	4	r13128	0	1	10000	24	25	3.109240969	0.3	0.180722892	0.205323194	NA	3.109240969	1.1	1	1	NA	NA	NHP
2	0	4	r13128	0	1	10000	48	25	3.109240969	0.24	NA	NA	NA	3.109240969	1.1	1	1	NA	NA	NHP
2	0	4	r13128	0	1	10000	72	25	3.109240969	0.23	NA	NA	NA	3.109240969	1.1	1	1	NA	NA	NHP
2	0	4	r13128	0	1	10000	96	25	3.109240969	0.34	NA	NA	NA	3.109240969	1.1	1	1	NA	NA	NHP
2	0	4	r13128	0	1	10000	120	25	3.624739188	0.43	NA	NA	NA	3.109240969	1.1	1	1	NA	NA	NHP
2	0	4	r13128	0	1	10000	144	25	4.393479268	0.35	0.210843373	0.182509506	NA	3.109240969	1.1	1	1	NA	NA	NHP
2	0	4	r13128	0	1	10000	168	25	4.704914523	0.41	NA	NA	NA	3.109240969	1.1	1	1	NA	NA	NHP
2	0	4	r13128	0	1	10000	192	25	5.051070443	0.76	0.307228916	0.258555133	NA	3.109240969	1.1	1	1	NA	NA	NHP
2	0	4	r13128	0	1	10000	216	25	5.089555593	1.87	NA	NA	NA	3.109240969	1.1	1	1	NA	NA	NHP
2	0	4	r13128	0	1	10000	240	25	4.644678518	2.62	2.074074074	0.222222222	NA	3.109240969	1.1	1	1	NA	NA	NHP
2	0	4	r13128	0	1	10000	264	25	3.109240969	1.73	NA	NA	NA	3.109240969	1.1	1	1	NA	NA	NHP
2	0	4	r13128	0	1	10000	312	25	3.109240969	NA	NA	NA	NA	3.109240969	1.1	1	1	NA	NA	NHP
2	0	4	r13128	0	1	10000	360	25	3.109240969	0.63	11.64197531	1.833333333	NA	3.109240969	1.1	1	1	NA	NA	NHP
2	0	4	r13128	0	1	10000	528	25	3.109240969	0.25	13.95061728	5.203703704	NA	3.109240969	1.1	1	1	NA	NA	NHP
2	0	4	r13128	0	1	10000	696	25	3.109240969	0.29	11.89506173	5.561728395	NA	3.109240969	1.1	1	1	NA	NA	NHP
2	0	5	RiL43	0	1	10000	24	25	3.109240969	0.31	0.222891566	0.152091255	NA	3.109240969	1.1	1	1	NA	NA	NHP
2	0	5	RiL43	0	1	10000	48	25	3.109240969	0.32	NA	NA	NA	3.109240969	1.1	1	1	NA	NA	NHP
2	0	5	RiL43	0	1	10000	72	25	3.109240969	0.28	NA	NA	NA	3.109240969	1.1	1	1	NA	NA	NHP
2	0	5	RiL43	0	1	10000	96	25	3.109240969	0.61	NA	NA	NA	3.109240969	1.1	1	1	NA	NA	NHP
2	0	5	RiL43	0	1	10000	120	25	3.581458871	0.67	NA	NA	NA	3.109240969	1.1	1	1	NA	NA	NHP
2	0	5	RiL43	0	1	10000	144	25	4.651861205	0.45	0.307228916	0.197718631	NA	3.109240969	1.1	1	1	NA	NA	NHP
2	0	5	RiL43	0	1	10000	168	25	5.30050021	0.62	NA	NA	NA	3.109240969	1.1	1	1	NA	NA	NHP
2	0	5	RiL43	0	1	10000	192	25	5.115163785	1.17	0.28313253	0.231939163	NA	3.109240969	1.1	1	1	NA	NA	NHP
2	0	5	RiL43	0	1	10000	216	25	3.308745776	3.04	NA	NA	NA	3.109240969	1.1	1	1	NA	NA	NHP
2	0	5	RiL43	0	1	10000	240	25	3.109240969	3.93	0.561728395	0.098765432	NA	3.109240969	1.1	1	1	NA	NA	NHP
2	0	5	RiL43	0	1	10000	264	25	3.109240969	4.82	NA	NA	NA	3.109240969	1.1	1	1	NA	NA	NHP
2	0	5	RiL43	0	1	10000	312	25	3.109240969	NA	NA	NA	NA	3.109240969	1.1	1	1	NA	NA	NHP
2	0	5	RiL43	0	1	10000	360	25	3.109240969	1.6	10.5308642	1.098765432	NA	3.109240969	1.1	1	1	NA	NA	NHP
2	0	5	RiL43	0	1	10000	528	25	3.109240969	0.28	9.043209877	3.302469136	NA	3.109240969	1.1	1	1	NA	NA	NHP
2	0	5	RiL43	0	1	10000	696	25	3.109240969	0.35	8.067901235	4.030864198	NA	3.109240969	1.1	1	1	NA	NA	NHP
3	0	0	r12005	0	1	100000	24	25	3.109240969	0.31	1.030120482	0.330798479	NA	3.109240969	1.1	1	1	NA	NA	NHP
3	0	0	r12005	0	1	100000	48	25	3.109240969	0.36	NA	NA	NA	3.109240969	1.1	1	1	NA	NA	NHP
3	0	0	r12005	0	1	100000	72	25	3.109240969	0.4	NA	NA	NA	3.109240969	1.1	1	1	NA	NA	NHP
3	0	0	r12005	0	1	100000	96	25	3.328039647	0.63	NA	NA	NA	3.109240969	1.1	1	1	NA	NA	NHP
3	0	0	r12005	0	1	100000	120	25	4.627247775	0.65	NA	NA	NA	3.109240969	1.1	1	1	NA	NA	NHP
3	0	0	r12005	0	1	100000	144	25	5.837496267	0.78	0.777108434	0.231939163	NA	3.109240969	1.1	1	1	NA	NA	NHP
3	0	0	r12005	0	1	100000	168	25	5.854941974	2.72	NA	NA	NA	3.109240969	1.1	1	1	NA	NA	NHP
3	0	0	r12005	0	1	100000	192	25	5.002873551	4.83	1.43373494	0.292775665	NA	3.109240969	1.1	1	1	NA	NA	NHP
3	0	0	r12005	0	1	100000	216	25	3.642776032	4.92	NA	NA	NA	3.109240969	1.1	1	1	NA	NA	NHP
3	0	0	r12005	0	1	100000	240	25	3.109240969	5.33	5.572289157	0.254752852	NA	3.109240969	1.1	1	1	NA	NA	NHP
3	0	0	r12005	0	1	100000	264	25	3.109240969	4.66	NA	NA	NA	3.109240969	1.1	1	1	NA	NA	NHP
3	0	0	r12005	0	1	100000	312	25	3.109240969	NA	NA	NA	NA	3.109240969	1.1	1	1	NA	NA	NHP
3	0	0	r12005	0	1	100000	360	25	3.109240969	1.46	12.60493827	3.339506173	NA	3.109240969	1.1	1	1	NA	NA	NHP
3	0	0	r12005	0	1	100000	528	25	3.109240969	0.39	11.37037037	6.37037037	NA	3.109240969	1.1	1	1	NA	NA	NHP
3	0	0	r12005	0	1	100000	696	25	3.109240969	0.35	9.469135802	6.666666667	NA	3.109240969	1.1	1	1	NA	NA	NHP
3	0	1	r12025	0	1	100000	24	25	3.109240969	0.23	0.512048193	0.144486692	NA	3.109240969	1.1	1	1	NA	NA	NHP
3	0	1	r12025	0	1	100000	48	25	3.109240969	0.28	NA	NA	NA	3.109240969	1.1	1	1	NA	NA	NHP
3	0	1	r12025	0	1	100000	72	25	3.109240969	0.26	NA	NA	NA	3.109240969	1.1	1	1	NA	NA	NHP
3	0	1	r12025	0	1	100000	96	25	3.109240969	0.36	NA	NA	NA	3.109240969	1.1	1	1	NA	NA	NHP
3	0	1	r12025	0	1	100000	120	25	3.475054896	0.49	NA	NA	NA	3.109240969	1.1	1	1	NA	NA	NHP
3	0	1	r12025	0	1	100000	144	25	4.677766226	0.34	0.536144578	0.197718631	NA	3.109240969	1.1	1	1	NA	NA	NHP
3	0	1	r12025	0	1	100000	168	25	5.007044773	0.72	NA	NA	NA	3.109240969	1.1	1	1	NA	NA	NHP
3	0	1	r12025	0	1	100000	192	25	4.766441799	1.64	0.777108434	0.205323194	NA	3.109240969	1.1	1	1	NA	NA	NHP
3	0	1	r12025	0	1	100000	216	25	3.811029114	2.43	NA	NA	NA	3.109240969	1.1	1	1	NA	NA	NHP
3	0	1	r12025	0	1	100000	240	25	3.313293404	1.16	2.024096386	0.228136882	NA	3.109240969	1.1	1	1	NA	NA	NHP
3	0	1	r12025	0	1	100000	264	25	3.109240969	0.68	NA	NA	NA	3.109240969	1.1	1	1	NA	NA	NHP
3	0	1	r12025	0	1	100000	312	25	3.109240969	NA	NA	NA	NA	3.109240969	1.1	1	1	NA	NA	NHP
3	0	1	r12025	0	1	100000	360	25	3.109240969	0.3	13.42592593	1.327160494	NA	3.109240969	1.1	1	1	NA	NA	NHP
3	0	1	r12025	0	1	100000	528	25	3.109240969	0.29	12.86419753	3.401234568	NA	3.109240969	1.1	1	1	NA	NA	NHP
3	0	1	r12025	0	1	100000	696	25	3.109240969	0.22	12.37037037	3.783950617	NA	3.109240969	1.1	1	1	NA	NA	NHP
3	0	2	r12131	0	1	100000	24	25	3.109240969	0.4	0.759036145	0.44486692	NA	3.109240969	1.1	1	1	NA	NA	NHP
3	0	2	r12131	0	1	100000	48	25	3.109240969	0.34	NA	NA	NA	3.109240969	1.1	1	1	NA	NA	NHP
3	0	2	r12131	0	1	100000	72	25	3.109240969	0.35	NA	NA	NA	3.109240969	1.1	1	1	NA	NA	NHP
3	0	2	r12131	0	1	100000	96	25	3.109240969	0.5	NA	NA	NA	3.109240969	1.1	1	1	NA	NA	NHP
3	0	2	r12131	0	1	100000	120	25	3.109240969	0.5	NA	NA	NA	3.109240969	1.1	1	1	NA	NA	NHP
3	0	2	r12131	0	1	100000	144	25	3.109240969	0.5	0.93373494	0.353612167	NA	3.109240969	1.1	1	1	NA	NA	NHP
3	0	2	r12131	0	1	100000	168	25	3.943099283	0.3	NA	NA	NA	3.109240969	1.1	1	1	NA	NA	NHP
3	0	2	r12131	0	1	100000	192	25	5.361864674	0.67	1.13253012	0.36121673	NA	3.109240969	1.1	1	1	NA	NA	NHP
3	0	2	r12131	0	1	100000	216	25	5.949070268	1.49	NA	NA	NA	3.109240969	1.1	1	1	NA	NA	NHP
3	0	2	r12131	0	1	100000	240	25	5.425772724	1.85	1.092592593	0.5	NA	3.109240969	1.1	1	1	NA	NA	NHP
3	0	2	r12131	0	1	100000	264	25	3.244836023	1.89	NA	NA	NA	3.109240969	1.1	1	1	NA	NA	NHP
3	0	2	r12131	0	1	100000	312	25	3.109240969	NA	NA	NA	NA	3.109240969	1.1	1	1	NA	NA	NHP
3	0	2	r12131	0	1	100000	360	25	3.109240969	0.58	13.47530864	2.117283951	NA	3.109240969	1.1	1	1	NA	NA	NHP
3	0	2	r12131	0	1	100000	528	25	3.109240969	0.27	12.52469136	5.049382716	NA	3.109240969	1.1	1	1	NA	NA	NHP
3	0	2	r12131	0	1	100000	696	25	3.109240969	0.33	11.10493827	5.716049383	NA	3.109240969	1.1	1	1	NA	NA	NHP
3	0	3	r13062	0	1	100000	24	25	3.109240969	0.27	0.548192771	0.258555133	NA	3.109240969	1.1	1	1	NA	NA	NHP
3	0	3	r13062	0	1	100000	48	25	3.109240969	0.28	NA	NA	NA	3.109240969	1.1	1	1	NA	NA	NHP
3	0	3	r13062	0	1	100000	72	25	3.109240969	0.31	NA	NA	NA	3.109240969	1.1	1	1	NA	NA	NHP
3	0	3	r13062	0	1	100000	96	25	3.109240969	0.46	NA	NA	NA	3.109240969	1.1	1	1	NA	NA	NHP
3	0	3	r13062	0	1	100000	120	25	3.109240969	0.45	NA	NA	NA	3.109240969	1.1	1	1	NA	NA	NHP
3	0	3	r13062	0	1	100000	144	25	4.237954046	0.45	0.536144578	0.300380228	NA	3.109240969	1.1	1	1	NA	NA	NHP
3	0	3	r13062	0	1	100000	168	25	5.553842652	0.6	NA	NA	NA	3.109240969	1.1	1	1	NA	NA	NHP
3	0	3	r13062	0	1	100000	192	25	6.140761402	2.63	0.56626506	0.323193916	NA	3.109240969	1.1	1	1	NA	NA	NHP
3	0	3	r13062	0	1	100000	216	25	5.677766226	3.55	NA	NA	NA	3.109240969	1.1	1	1	NA	NA	NHP
3	0	3	r13062	0	1	100000	240	25	3.618823901	3.19	1.111111111	0.432098765	NA	3.109240969	1.1	1	1	NA	NA	NHP
3	0	3	r13062	0	1	100000	264	25	3.109240969	1.96	NA	NA	NA	3.109240969	1.1	1	1	NA	NA	NHP
3	0	3	r13062	0	1	100000	312	25	3.109240969	NA	NA	NA	NA	3.109240969	1.1	1	1	NA	NA	NHP
3	0	3	r13062	0	1	100000	360	25	3.109240969	0.52	13.45679012	2.024691358	NA	3.109240969	1.1	1	1	NA	NA	NHP
3	0	3	r13062	0	1	100000	528	25	3.109240969	0.27	12.33950617	4.104938272	NA	3.109240969	1.1	1	1	NA	NA	NHP
3	0	3	r13062	0	1	100000	696	25	3.109240969	0.37	9.858024691	4.50617284	NA	3.109240969	1.1	1	1	NA	NA	NHP
3	0	4	r13163	0	1	100000	24	25	3.109240969	0.26	0.307228916	0.125475285	NA	3.109240969	1.1	1	1	NA	NA	NHP
3	0	4	r13163	0	1	100000	48	25	3.109240969	0.28	NA	NA	NA	3.109240969	1.1	1	1	NA	NA	NHP
3	0	4	r13163	0	1	100000	72	25	3.109240969	0.27	NA	NA	NA	3.109240969	1.1	1	1	NA	NA	NHP
3	0	4	r13163	0	1	100000	96	25	3.109240969	0.45	NA	NA	NA	3.109240969	1.1	1	1	NA	NA	NHP
3	0	4	r13163	0	1	100000	120	25	3.865060918	0.43	NA	NA	NA	3.109240969	1.1	1	1	NA	NA	NHP
3	0	4	r13163	0	1	100000	144	25	5.091795996	0.52	0.36746988	0.152091255	NA	3.109240969	1.1	1	1	NA	NA	NHP
3	0	4	r13163	0	1	100000	168	25	5.458170181	0.89	NA	NA	NA	3.109240969	1.1	1	1	NA	NA	NHP
3	0	4	r13163	0	1	100000	192	25	5.912630537	1.13	0.554216867	0.174904943	NA	3.109240969	1.1	1	1	NA	NA	NHP
3	0	4	r13163	0	1	100000	216	25	3.901565111	2.35	NA	NA	NA	3.109240969	1.1	1	1	NA	NA	NHP
3	0	4	r13163	0	1	100000	240	25	3.109240969	2.14	1.802469136	0.160493827	NA	3.109240969	1.1	1	1	NA	NA	NHP
3	0	4	r13163	0	1	100000	264	25	3.109240969	1.74	NA	NA	NA	3.109240969	1.1	1	1	NA	NA	NHP
3	0	4	r13163	0	1	100000	312	25	3.109240969	NA	NA	NA	NA	3.109240969	1.1	1	1	NA	NA	NHP
3	0	4	r13163	0	1	100000	360	25	3.109240969	0.34	NA	NA	NA	3.109240969	1.1	1	1	NA	NA	NHP
3	0	4	r13163	0	1	100000	528	25	3.109240969	0.33	9.37037037	3.37654321	NA	3.109240969	1.1	1	1	NA	NA	NHP
3	0	4	r13163	0	1	100000	696	25	3.109240969	0.3	10.90740741	3.314814815	NA	3.109240969	1.1	1	1	NA	NA	NHP
3	0	5	r13176	0	1	100000	24	25	3.109240969	0.19	0	0	NA	3.109240969	1.1	1	1	NA	NA	NHP
3	0	5	r13176	0	1	100000	48	25	3.109240969	0.21	NA	NA	NA	3.109240969	1.1	1	1	NA	NA	NHP
3	0	5	r13176	0	1	100000	72	25	3.109240969	0.26	NA	NA	NA	3.109240969	1.1	1	1	NA	NA	NHP
3	0	5	r13176	0	1	100000	96	25	3.857352602	0.52	NA	NA	NA	3.109240969	1.1	1	1	NA	NA	NHP
3	0	5	r13176	0	1	100000	120	25	4.546923409	0.53	NA	NA	NA	3.109240969	1.1	1	1	NA	NA	NHP
3	0	5	r13176	0	1	100000	144	25	4.948859942	0.49	0.024096386	0.129277567	NA	3.109240969	1.1	1	1	NA	NA	NHP
3	0	5	r13176	0	1	100000	168	25	4.691615585	0.51	NA	NA	NA	3.109240969	1.1	1	1	NA	NA	NHP
3	0	5	r13176	0	1	100000	192	25	4.275175707	0.79	1.030120482	0	NA	3.109240969	1.1	1	1	NA	NA	NHP
3	0	5	r13176	0	1	100000	216	25	3.202851439	1.2	NA	NA	NA	3.109240969	1.1	1	1	NA	NA	NHP
3	0	5	r13176	0	1	100000	240	25	5.579783597	8.03	2.160493827	0.030864198	NA	3.109240969	1.1	1	1	NA	NA	NHP
3	0	5	r13176	0	1	100000	264	25	3.109240969	1.25	NA	NA	NA	3.109240969	1.1	1	1	NA	NA	NHP
3	0	5	r13176	0	1	100000	312	25	3.109240969	NA	NA	NA	NA	3.109240969	1.1	1	1	NA	NA	NHP
3	0	5	r13176	0	1	100000	360	25	3.109240969	0.39	12.41358025	2.086419753	NA	3.109240969	1.1	1	1	NA	NA	NHP
3	0	5	r13176	0	1	100000	528	25	3.109240969	0.35	NA	NA	NA	3.109240969	1.1	1	1	NA	NA	NHP
3	0	5	r13177	0	1	100000	696	25	3.109240969	0.31	9.87037037	3.654320988	NA	3.109240969	1.1	1	1	NA	NA	NHP
4	0	0	R03018	0	1	100	0	24	NA	NA	NA	NA	NA	3.109240969	1.1	1	1	NA	NA	NHP
4	0	0	R03018	0	1	100	24	24	3.109240969	0.109347443	0.340609841	0.12037037	NA	3.109240969	1.1	1	1	NA	NA	NHP
4	0	0	R03018	0	1	100	48	24	3.109240969	0.13944709	NA	NA	NA	3.109240969	1.1	1	1	NA	NA	NHP
4	0	0	R03018	0	1	100	72	24	3.109240969	0.192910053	NA	NA	NA	3.109240969	1.1	1	1	NA	NA	NHP
4	0	0	R03018	0	1	100	96	24	3.109240969	0.145974427	NA	NA	NA	3.109240969	1.1	1	1	NA	NA	NHP
4	0	0	R03018	0	1	100	120	24	3.006246344	0.184209877	NA	NA	NA	3.109240969	1.1	1	1	NA	NA	NHP
4	0	0	R03018	0	1	100	144	24	4.948232266	0.144892416	0.667280917	0.104575675	NA	3.109240969	1.1	1	1	NA	NA	NHP
4	0	0	R03018	0	1	100	168	24	5.615362652	0.444994709	NA	NA	NA	3.109240969	1.1	1	1	NA	NA	NHP
4	0	0	R03018	0	1	100	192	24	5.012444327	1.358941799	0.793281043	0.197411933	NA	3.109240969	1.1	1	1	NA	NA	NHP
4	0	0	R03018	0	1	100	216	24	4.017062291	2.317842105	NA	NA	NA	3.109240969	1.1	1	1	NA	NA	NHP
4	0	0	R03018	0	1	100	240	24	3.159252286	2.666894737	1.214310464	0.09156572	NA	3.109240969	1.1	1	1	NA	NA	NHP
4	0	0	R03018	0	1	100	264	24	3.109240969	3.186236842	NA	NA	NA	3.109240969	1.1	1	1	NA	NA	NHP
4	0	0	R03018	0	1	100	288	24	3.109240969	3.787789474	4.958467208	0.303414787	NA	3.109240969	1.1	1	1	NA	NA	NHP
4	0	0	R03018	0	1	100	360	24	3.109240969	1.728631579	8.262174762	0.31735589	NA	3.109240969	1.1	1	1	NA	NA	NHP
4	0	0	R03018	0	1	100	432	24	NA	NA	NA	NA	NA	3.109240969	1.1	1	1	NA	NA	NHP
4	0	0	R03018	0	1	100	528	24	3.109240969	0.229921053	7.945189945	1.525880674	NA	3.109240969	1.1	1	1	NA	NA	NHP
4	0	0	R03018	0	1	100	696	24	3.109240969	0.091868421	6.437976438	1.654770607	NA	3.109240969	1.1	1	1	NA	NA	NHP
4	0	1	R11106	0	1	100	0	24	NA	NA	NA	NA	NA	3.109240969	1.1	1	1	NA	NA	NHP
4	0	1	R11106	0	1	100	24	24	3.109240969	0.098765432	0.148900649	0.092592593	NA	3.109240969	1.1	1	1	NA	NA	NHP
4	0	1	R11106	0	1	100	48	24	3.109240969	0.106382716	NA	NA	NA	3.109240969	1.1	1	1	NA	NA	NHP
4	0	1	R11106	0	1	100	72	24	3.109240969	0.104701058	NA	NA	NA	3.109240969	1.1	1	1	NA	NA	NHP
4	0	1	R11106	0	1	100	96	24	3.109240969	0.133392416	NA	NA	NA	3.109240969	1.1	1	1	NA	NA	NHP
4	0	1	R11106	0	1	100	120	24	3.109240969	0.134237213	NA	NA	NA	3.109240969	1.1	1	1	NA	NA	NHP
4	0	1	R11106	0	1	100	144	24	2.778228451	0.113110229	0.301565552	0.104862852	NA	3.109240969	1.1	1	1	NA	NA	NHP
4	0	1	R11106	0	1	100	168	24	2.66008089	0.100973545	NA	NA	NA	3.109240969	1.1	1	1	NA	NA	NHP
4	0	1	R11106	0	1	100	192	24	4.242002118	0.192605263	0.363242613	0.118194793	NA	3.109240969	1.1	1	1	NA	NA	NHP
4	0	1	R11106	0	1	100	216	24	4.923495021	0.284736842	NA	NA	NA	3.109240969	1.1	1	1	NA	NA	NHP
4	0	1	R11106	0	1	100	240	24	4.98371966	0.719447368	0.254063504	0.074926901	NA	3.109240969	1.1	1	1	NA	NA	NHP
4	0	1	R11106	0	1	100	264	24	4.67133406	1.057947368	NA	NA	NA	3.109240969	1.1	1	1	NA	NA	NHP
4	0	1	R11106	0	1	100	288	24	4.262140882	1.624736842	1.278145278	0.163751392	NA	3.109240969	1.1	1	1	NA	NA	NHP
4	0	1	R11106	0	1	100	360	24	3.109240969	2.933710526	9.790572041	0.187734962	NA	3.109240969	1.1	1	1	NA	NA	NHP
4	0	1	R11106	0	1	100	432	24	NA	NA	NA	NA	NA	3.109240969	1.1	1	1	NA	NA	NHP
4	0	1	R11106	0	1	100	528	24	3.109240969	0.1495	9.90997291	2.042893693	NA	3.109240969	1.1	1	1	NA	NA	NHP
4	0	1	R11106	0	1	100	696	24	3.109240969	0.101131579	10.06366156	2.55444166	NA	3.109240969	1.1	1	1	NA	NA	NHP
4	0	2	R12060	0	1	100	0	24	NA	NA	NA	NA	NA	3.109240969	1.1	1	1	NA	NA	NHP
4	0	2	R12060	0	1	100	24	24	3.109240969	0.215167549	0.821300321	0.203703704	NA	3.109240969	1.1	1	1	NA	NA	NHP
4	0	2	R12060	0	1	100	48	24	3.109240969	0.2375	NA	NA	NA	3.109240969	1.1	1	1	NA	NA	NHP
4	0	2	R12060	0	1	100	72	24	3.109240969	0.148147266	NA	NA	NA	3.109240969	1.1	1	1	NA	NA	NHP
4	0	2	R12060	0	1	100	96	24	3.594263606	0.199000882	NA	NA	NA	3.109240969	1.1	1	1	NA	NA	NHP
4	0	2	R12060	0	1	100	120	24	4.996415521	0.158974427	NA	NA	NA	3.109240969	1.1	1	1	NA	NA	NHP
4	0	2	R12060	0	1	100	144	24	6.984620553	1.0480097	0.355950356	0.306591131	NA	3.109240969	1.1	1	1	NA	NA	NHP
4	0	2	R12060	0	1	100	168	24	7.453653026	4.915369489	NA	NA	NA	3.109240969	1.1	1	1	NA	NA	NHP
4	0	2	R12060	0	1	100	192	24	6.928863559	6.566289474	0.291076041	0.103279031	NA	3.109240969	1.1	1	1	NA	NA	NHP
4	0	2	R12060	0	1	100	216	24	5.209084152	7.347368421	NA	NA	NA	3.109240969	1.1	1	1	NA	NA	NHP
4	0	2	R12060	0	1	100	240	24	4.457910849	7.222	3.215066465	0.183975564	NA	3.109240969	1.1	1	1	NA	NA	NHP
4	0	2	R12060	0	1	100	264	24	2.734714509	4.672842105	NA	NA	NA	3.109240969	1.1	1	1	NA	NA	NHP
4	0	2	R12060	0	1	100	288	24	3.109240969	3.237394737	9.070906571	0.199613617	NA	3.109240969	1.1	1	1	NA	NA	NHP
4	0	2	R12060	0	1	100	360	24	3.109240969	0.485157895	9.61998362	1.286192913	NA	3.109240969	1.1	1	1	NA	NA	NHP
4	0	2	R12060	0	1	100	432	24	NA	NA	NA	NA	NA	3.109240969	1.1	1	1	NA	NA	NHP
4	0	2	R12060	0	1	100	528	24	3.109240969	0.103578947	8.303313803	2.409817948	NA	3.109240969	1.1	1	1	NA	NA	NHP
4	0	2	R12060	0	1	100	696	24	3.109240969	0.184842105	6.056211806	2.684497703	NA	3.109240969	1.1	1	1	NA	NA	NHP
4	0	3	R08021	0	1	100	0	24	NA	NA	NA	NA	NA	3.109240969	1.1	1	1	NA	NA	NHP
4	0	3	R08021	0	1	100	24	24	3.109240969	0.182	0.865277778	0.102386769	NA	3.109240969	1.1	1	1	NA	NA	NHP
4	0	3	R08021	0	1	100	48	24	3.109240969	0.2025	NA	NA	NA	3.109240969	1.1	1	1	NA	NA	NHP
4	0	3	R08021	0	1	100	72	24	3.109240969	0.348	NA	NA	NA	3.109240969	1.1	1	1	NA	NA	NHP
4	0	3	R08021	0	1	100	96	24	3.109240969	0.159	NA	NA	NA	3.109240969	1.1	1	1	NA	NA	NHP
4	0	3	R08021	0	1	100	120	24	3.109240969	0.149	NA	NA	NA	3.109240969	1.1	1	1	NA	NA	NHP
4	0	3	R08021	0	1	100	144	24	3.603505232	0.1405	0.825	0.208245631	NA	3.109240969	1.1	1	1	NA	NA	NHP
4	0	3	R08021	0	1	100	168	24	4.93466675	0.126	NA	NA	NA	3.109240969	1.1	1	1	NA	NA	NHP
4	0	3	R08021	0	1	100	192	24	5.99665758	0.5065	0.80625	0.170010336	NA	3.109240969	1.1	1	1	NA	NA	NHP
4	0	3	R08021	0	1	100	216	24	5.865893242	1.974	NA	NA	NA	3.109240969	1.1	1	1	NA	NA	NHP
4	0	3	R08021	0	1	100	240	24	4.958085849	2.6565	0.716666667	0.078171396	NA	3.109240969	1.1	1	1	NA	NA	NHP
4	0	3	R08021	0	1	100	264	24	3.762428466	3.356	1.138194444	0.018154482	NA	3.109240969	1.1	1	1	NA	NA	NHP
4	0	3	R08021	0	1	100	288	24	2.73479983	3.925	5.672916667	0.097669611	NA	3.109240969	1.1	1	1	NA	NA	NHP
4	0	3	R08021	0	1	100	360	24	3.109240969	2.6085	12.72527473	0.727106227	NA	3.109240969	1.1	1	1	NA	NA	NHP
4	0	3	R08021	0	1	100	432	24	3.109240969	NA	NA	NA	NA	3.109240969	1.1	1	1	NA	NA	NHP
4	0	3	R08021	0	1	100	528	24	3.109240969	0.103	12.05769231	2.924908425	NA	3.109240969	1.1	1	1	NA	NA	NHP
4	0	3	R08021	0	1	100	696	24	3.109240969	0.286	9.796703297	3.336996337	NA	3.109240969	1.1	1	1	NA	NA	NHP
4	0	4	R13060	0	1	100	0	24	NA	NA	NA	NA	NA	3.109240969	1.1	1	1	NA	NA	NHP
4	0	4	R13060	0	1	100	24	24	3.109240969	0.1355	1.039930556	0.078425108	NA	3.109240969	1.1	1	1	NA	NA	NHP
4	0	4	R13060	0	1	100	48	24	3.109240969	0.157	NA	NA	NA	3.109240969	1.1	1	1	NA	NA	NHP
4	0	4	R13060	0	1	100	72	24	3.109240969	0.194	NA	NA	NA	3.109240969	1.1	1	1	NA	NA	NHP
4	0	4	R13060	0	1	100	96	24	3.109240969	0.1255	NA	NA	NA	3.109240969	1.1	1	1	NA	NA	NHP
4	0	4	R13060	0	1	100	120	24	3.000144741	0.134	NA	NA	NA	3.109240969	1.1	1	1	NA	NA	NHP
4	0	4	R13060	0	1	100	144	24	4.126131407	0.1025	1.049305556	-0.005807179	NA	3.109240969	1.1	1	1	NA	NA	NHP
4	0	4	R13060	0	1	100	168	24	4.794488047	0.1625	NA	NA	NA	3.109240969	1.1	1	1	NA	NA	NHP
4	0	4	R13060	0	1	100	192	24	5.360467184	0.4775	0.827083333	0.007733509	NA	3.109240969	1.1	1	1	NA	NA	NHP
4	0	4	R13060	0	1	100	216	24	5.111710471	1.4745	NA	NA	NA	3.109240969	1.1	1	1	NA	NA	NHP
4	0	4	R13060	0	1	100	240	24	4.781994589	1.9415	0.812152778	-0.066787258	NA	3.109240969	1.1	1	1	NA	NA	NHP
4	0	4	R13060	0	1	100	264	24	3.913283902	2.534	1.079513889	0.0017243	NA	3.109240969	1.1	1	1	NA	NA	NHP
4	0	4	R13060	0	1	100	288	24	3.109915863	2.5555	2.181944444	0.042825597	NA	3.109240969	1.1	1	1	NA	NA	NHP
4	0	4	R13060	0	1	100	360	24	3.109240969	3.9005	13.01098901	0.318681319	NA	3.109240969	1.1	1	1	NA	NA	NHP
4	0	4	R13060	0	1	100	432	24	2.987517304	NA	NA	NA	NA	3.109240969	1.1	1	1	NA	NA	NHP
4	0	4	R13060	0	1	100	528	24	3.109240969	0.1715	13.06868132	2.141025641	NA	3.109240969	1.1	1	1	NA	NA	NHP
4	0	4	R13060	0	1	100	696	24	3.109240969	0.131	12.00824176	3.210622711	NA	3.109240969	1.1	1	1	NA	NA	NHP
4	1	0	R04051	0.01	1	100	0	24	NA	NA	NA	NA	0.05	3.109240969	1.1	1	1	NA	29.7	NHP
4	1	0	R04051	0.01	1	100	24	24	3.109240969	0.119929453	NA	NA	0.765	3.109240969	1.1	1	1	NA	29.7	NHP
4	1	0	R04051	0.01	1	100	48	24	3.109240969	0.07992769	NA	NA	NA	3.109240969	1.1	1	1	NA	29.7	NHP
4	1	0	R04051	0.01	1	100	72	24	3.109240969	0.160846561	NA	NA	NA	3.109240969	1.1	1	1	NA	29.7	NHP
4	1	0	R04051	0.01	1	100	96	24	3.109240969	0.072018519	NA	NA	1.1	3.109240969	1.1	1	1	NA	29.7	NHP
4	1	0	R04051	0.01	1	100	120	24	2.940350438	0.14176455	NA	NA	NA	3.109240969	1.1	1	1	NA	29.7	NHP
4	1	0	R04051	0.01	1	100	144	24	5.309871957	0.083691358	1.031263781	0.163011696	NA	3.109240969	1.1	1	1	NA	29.7	NHP
4	1	0	R04051	0.01	1	100	168	24	5.614263077	0.417886243	NA	NA	1.44	3.109240969	1.1	1	1	NA	29.7	NHP
4	1	0	R04051	0.01	1	100	192	24	5.330645619	1.075193122	0.945063945	0.014889655	1.17	3.109240969	1.1	1	1	NA	29.7	NHP
4	1	0	R04051	0.01	1	100	216	24	4.340473067	2.069526316	NA	NA	NA	3.109240969	1.1	1	1	NA	29.7	NHP
4	1	0	R04051	0.01	1	100	240	24	3.047025515	2.371657895	1.019246519	0.182826859	NA	3.109240969	1.1	1	1	NA	29.7	NHP
4	1	0	R04051	0.01	1	100	264	24	3.109240969	2.776789474	NA	NA	0.641	3.109240969	1.1	1	1	NA	29.7	NHP
4	1	0	R04051	0.01	1	100	288	24	3.109240969	3.3235	6.1502079	0.12767161	0.832	3.109240969	1.1	1	1	NA	29.7	NHP
4	1	0	R04051	0.01	1	100	360	24	3.109240969	2.789947368	10.02255402	0.494674185	NA	3.109240969	1.1	1	1	NA	29.7	NHP
4	1	0	R04051	0.01	1	100	432	24	NA	NA	NA	NA	NA	3.109240969	1.1	1	1	NA	29.7	NHP
4	1	0	R04051	0.01	1	100	528	24	3.109240969	0.081526316	9.238376488	1.891560498	NA	3.109240969	1.1	1	1	NA	29.7	NHP
4	1	0	R04051	0.01	1	100	696	24	3.109240969	0.107394737	9.162288162	2.807348232	NA	3.109240969	1.1	1	1	NA	29.7	NHP
4	1	1	R01039	0.01	1	100	0	24	NA	NA	NA	NA	0.05	3.109240969	1.1	1	1	NA	71.1	NHP
4	1	1	R01039	0.01	1	100	24	24	3.109240969	0.0670194	NA	NA	0.338	3.109240969	1.1	1	1	NA	71.1	NHP
4	1	1	R01039	0.01	1	100	48	24	3.109240969	0.112346561	NA	NA	NA	3.109240969	1.1	1	1	NA	71.1	NHP
4	1	1	R01039	0.01	1	100	72	24	3.109240969	0.127828042	NA	NA	NA	3.109240969	1.1	1	1	NA	71.1	NHP
4	1	1	R01039	0.01	1	100	96	24	3.109240969	0.116319224	NA	NA	0.0782	3.109240969	1.1	1	1	NA	71.1	NHP
4	1	1	R01039	0.01	1	100	120	24	3.109240969	0.129064374	NA	NA	NA	3.109240969	1.1	1	1	NA	71.1	NHP
4	1	1	R01039	0.01	1	100	144	24	3.808143426	0.110791887	0.24998425	-0.000409009	NA	3.109240969	1.1	1	1	NA	71.1	NHP
4	1	1	R01039	0.01	1	100	168	24	4.677635905	0.102718695	NA	NA	1.26	3.109240969	1.1	1	1	NA	71.1	NHP
4	1	1	R01039	0.01	1	100	192	24	5.570471812	0.22	0.356249606	0.080139585	1.28	3.109240969	1.1	1	1	NA	71.1	NHP
4	1	1	R01039	0.01	1	100	216	24	5.924086603	0.767	NA	NA	NA	3.109240969	1.1	1	1	NA	71.1	NHP
4	1	1	R01039	0.01	1	100	240	24	5.799664839	1.816263158	0.402680653	0.012017892	NA	3.109240969	1.1	1	1	NA	71.1	NHP
4	1	1	R01039	0.01	1	100	264	24	4.957841401	2.121210526	NA	NA	1.02	3.109240969	1.1	1	1	NA	71.1	NHP
4	1	1	R01039	0.01	1	100	288	24	4.143935528	3.149684211	1.127638128	0.121928084	4.65	3.109240969	1.1	1	1	NA	71.1	NHP
4	1	1	R01039	0.01	1	100	360	24	3.713639483	2.893368421	6.612549613	0.003776803	NA	3.109240969	1.1	1	1	NA	71.1	NHP
4	1	1	R01039	0.01	1	100	432	24	NA	NA	NA	NA	NA	3.109240969	1.1	1	1	NA	71.1	NHP
4	1	1	R01039	0.01	1	100	528	24	3.109240969	0.618263158	9.577017577	1.543328808	NA	3.109240969	1.1	1	1	NA	71.1	NHP
4	1	1	R01039	0.01	1	100	696	24	3.109240969	0.184605263	8.278838279	2.15429198	NA	3.109240969	1.1	1	1	NA	71.1	NHP
4	1	2	R12088	0.01	1	100	0	24	NA	NA	NA	NA	0.05	3.109240969	1.1	1	1	NA	24.8	NHP
4	1	2	R12088	0.01	1	100	24	24	3.109240969	0.098765432	NA	NA	0.896	3.109240969	1.1	1	1	NA	24.8	NHP
4	1	2	R12088	0.01	1	100	48	24	3.109240969	0.083364198	NA	NA	NA	3.109240969	1.1	1	1	NA	24.8	NHP
4	1	2	R12088	0.01	1	100	72	24	3.109240969	0.171865079	NA	NA	NA	3.109240969	1.1	1	1	NA	24.8	NHP
4	1	2	R12088	0.01	1	100	96	24	3.109240969	0.055909171	NA	NA	1.51	3.109240969	1.1	1	1	NA	24.8	NHP
4	1	2	R12088	0.01	1	100	120	24	3.012319698	0.134146384	NA	NA	NA	3.109240969	1.1	1	1	NA	24.8	NHP
4	1	2	R12088	0.01	1	100	144	24	4.874262199	0.071463845	0.444969445	0.039508493	NA	3.109240969	1.1	1	1	NA	24.8	NHP
4	1	2	R12088	0.01	1	100	168	24	5.517356834	0.375167549	NA	NA	0.633	3.109240969	1.1	1	1	NA	24.8	NHP
4	1	2	R12088	0.01	1	100	192	24	5.817641535	0.073710526	0.147782398	-0.022991507	0.561	3.109240969	1.1	1	1	NA	24.8	NHP
4	1	2	R12088	0.01	1	100	216	24	4.656537834	3.031105263	NA	NA	NA	3.109240969	1.1	1	1	NA	24.8	NHP
4	1	2	R12088	0.01	1	100	240	24	3.531507869	4.229315789	0.68022743	0.083759747	NA	3.109240969	1.1	1	1	NA	24.8	NHP
4	1	2	R12088	0.01	1	100	264	24	3.109240969	4.886710526	NA	NA	0.996	3.109240969	1.1	1	1	NA	24.8	NHP
4	1	2	R12088	0.01	1	100	288	24	3.109240969	6.388157895	4.789390789	0.071889794	0.908	3.109240969	1.1	1	1	NA	24.8	NHP
4	1	2	R12088	0.01	1	100	360	24	3.109240969	3.123868421	10.66499717	0.325309802	NA	3.109240969	1.1	1	1	NA	24.8	NHP
4	1	2	R12088	0.01	1	100	432	24	NA	NA	NA	NA	NA	3.109240969	1.1	1	1	NA	24.8	NHP
4	1	2	R12088	0.01	1	100	528	24	3.109240969	0.106815789	7.795990046	1.463076093	NA	3.109240969	1.1	1	1	NA	24.8	NHP
4	1	2	R12088	0.01	1	100	696	24	3.109240969	0.07492769	9.132536383	2.402003272	NA	3.109240969	1.1	1	1	NA	24.8	NHP
4	2	0	R09103	0.024	1	100	0	24	NA	NA	NA	NA	0	3.109240969	1.1	1	1	NA	167	NHP
4	2	0	R09103	0.024	1	100	24	24	3.109240969	0.156	0.485069444	0.232334148	10.8	3.109240969	1.1	1	1	NA	167	NHP
4	2	0	R09103	0.024	1	100	48	24	3.109240969	0.1705	NA	NA	NA	3.109240969	1.1	1	1	NA	167	NHP
4	2	0	R09103	0.024	1	100	72	24	3.109240969	0.231	NA	NA	NA	3.109240969	1.1	1	1	NA	167	NHP
4	2	0	R09103	0.024	1	100	96	24	3.109240969	0.3655	NA	NA	12.7	3.109240969	1.1	1	1	NA	167	NHP
4	2	0	R09103	0.024	1	100	120	24	3.109240969	0.145	NA	NA	NA	3.109240969	1.1	1	1	NA	167	NHP
4	2	0	R09103	0.024	1	100	144	24	3.109240969	0.143	3.457638889	0.099393911	NA	3.109240969	1.1	1	1	NA	167	NHP
4	2	0	R09103	0.024	1	100	168	24	3.109240969	0.1175	NA	NA	17.1	3.109240969	1.1	1	1	NA	167	NHP
4	2	0	R09103	0.024	1	100	192	24	3.109240969	0.114	0.623958333	0.15499906	18.4	3.109240969	1.1	1	1	NA	167	NHP
4	2	0	R09103	0.024	1	100	216	24	3.109240969	0.1405	NA	NA	NA	3.109240969	1.1	1	1	NA	167	NHP
4	2	0	R09103	0.024	1	100	240	24	3.109240969	0.29	0.579861111	0.214560233	NA	3.109240969	1.1	1	1	NA	167	NHP
4	2	0	R09103	0.024	1	100	264	24	2.234432914	0.1295	0.383333333	0.083344296	19	3.109240969	1.1	1	1	NA	167	NHP
4	2	0	R09103	0.024	1	100	288	24	3.26873394	0.147	0.328125	0.066152979	14.7	3.109240969	1.1	1	1	NA	167	NHP
4	2	0	R09103	0.024	1	100	360	24	5.719883473	3.9825	1.104395604	0.067765568	NA	3.109240969	1.1	1	1	NA	167	NHP
4	2	0	R09103	0.024	1	100	432	24	3.109240969	NA	NA	NA	NA	3.109240969	1.1	1	1	NA	167	NHP
4	2	0	R09103	0.024	1	100	528	24	3.109240969	0.8045	13.95604396	1.076923077	NA	3.109240969	1.1	1	1	NA	167	NHP
4	2	0	R09103	0.024	1	100	696	24	3.109240969	0.1285	12.91483517	1.97985348	NA	3.109240969	1.1	1	1	NA	167	NHP
4	2	1	R10104	0.024	1	100	0	24	NA	NA	NA	NA	0	3.109240969	1.1	1	1	NA	60.9	NHP
4	2	1	R10104	0.024	1	100	24	24	3.109240969	0.1405	0.937152778	-0.018661906	14.6	3.109240969	1.1	1	1	NA	60.9	NHP
4	2	1	R10104	0.024	1	100	48	24	3.109240969	0.1365	NA	NA	NA	3.109240969	1.1	1	1	NA	60.9	NHP
4	2	1	R10104	0.024	1	100	72	24	3.109240969	0.144	NA	NA	NA	3.109240969	1.1	1	1	NA	60.9	NHP
4	2	1	R10104	0.024	1	100	96	24	3.109240969	0.1755	NA	NA	8.96	3.109240969	1.1	1	1	NA	60.9	NHP
4	2	1	R10104	0.024	1	100	120	24	2.767823498	0.1405	NA	NA	NA	3.109240969	1.1	1	1	NA	60.9	NHP
4	2	1	R10104	0.024	1	100	144	24	2.673543099	0.1385	0.364930556	0.079641985	NA	3.109240969	1.1	1	1	NA	60.9	NHP
4	2	1	R10104	0.024	1	100	168	24	3.382737266	0.211	NA	NA	10.8	3.109240969	1.1	1	1	NA	60.9	NHP
4	2	1	R10104	0.024	1	100	192	24	4.427053114	0.113	0.480555556	0.017647059	12.8	3.109240969	1.1	1	1	NA	60.9	NHP
4	2	1	R10104	0.024	1	100	216	24	4.781276549	0.1835	NA	NA	NA	3.109240969	1.1	1	1	NA	60.9	NHP
4	2	1	R10104	0.024	1	100	240	24	5.039678449	0.347	0.507638889	0.038413832	NA	3.109240969	1.1	1	1	NA	60.9	NHP
4	2	1	R10104	0.024	1	100	264	24	4.51675566	0.702	0.279513889	-0.02652227	11.2	3.109240969	1.1	1	1	NA	60.9	NHP
4	2	1	R10104	0.024	1	100	288	24	4.486194257	0.7155	0.608680556	0.101625634	12.8	3.109240969	1.1	1	1	NA	60.9	NHP
4	2	1	R10104	0.024	1	100	360	24	3.109240969	3.325	8.722527473	-0.076923077	NA	3.109240969	1.1	1	1	NA	60.9	NHP
4	2	1	R10104	0.024	1	100	432	24	3.109240969	NA	NA	NA	NA	3.109240969	1.1	1	1	NA	60.9	NHP
4	2	1	R10104	0.024	1	100	528	24	3.109240969	0.121	11.5	1.836996337	NA	3.109240969	1.1	1	1	NA	60.9	NHP
4	2	1	R10104	0.024	1	100	696	24	3.109240969	0.136	8.96978022	2.532967033	NA	3.109240969	1.1	1	1	NA	60.9	NHP
4	2	2	R12044	0.024	1	100	0	24	NA	NA	NA	NA	0	3.109240969	1.1	1	1	NA	54.4	NHP
4	2	2	R12044	0.024	1	100	24	24	3.109240969	0.194	0.789930556	0.060397482	5.31	3.109240969	1.1	1	1	NA	54.4	NHP
4	2	2	R12044	0.024	1	100	48	24	3.109240969	0.134	NA	NA	NA	3.109240969	1.1	1	1	NA	54.4	NHP
4	2	2	R12044	0.024	1	100	72	24	3.109240969	0.1325	NA	NA	NA	3.109240969	1.1	1	1	NA	54.4	NHP
4	2	2	R12044	0.024	1	100	96	24	3.109240969	0.1265	NA	NA	17.7	3.109240969	1.1	1	1	NA	54.4	NHP
4	2	2	R12044	0.024	1	100	120	24	3.109240969	0.1495	NA	NA	NA	3.109240969	1.1	1	1	NA	54.4	NHP
4	2	2	R12044	0.024	1	100	144	24	3.109240969	0.1295	0.463194444	-0.071274197	NA	3.109240969	1.1	1	1	NA	54.4	NHP
4	2	2	R12044	0.024	1	100	168	24	2.410496046	0.176	NA	NA	17.2	3.109240969	1.1	1	1	NA	54.4	NHP
4	2	2	R12044	0.024	1	100	192	24	3.358569317	0.151	0.590625	0.009965232	18.5	3.109240969	1.1	1	1	NA	54.4	NHP
4	2	2	R12044	0.024	1	100	216	24	4.530199698	0.132	NA	NA	NA	3.109240969	1.1	1	1	NA	54.4	NHP
4	2	2	R12044	0.024	1	100	240	24	5.372912003	0.2195	0.579861111	-0.012779553	NA	3.109240969	1.1	1	1	NA	54.4	NHP
4	2	2	R12044	0.024	1	100	264	24	5.479527324	0.499	0.455208333	0.006643488	20.6	3.109240969	1.1	1	1	NA	54.4	NHP
4	2	2	R12044	0.024	1	100	288	24	5.602783213	1.111	0.381597222	-0.113517196	25.4	3.109240969	1.1	1	1	NA	54.4	NHP
4	2	2	R12044	0.024	1	100	360	24	2.870988814	3.466	5.708791209	0.141025641	NA	3.109240969	1.1	1	1	NA	54.4	NHP
4	2	2	R12044	0.024	1	100	432	24	3.109240969	NA	NA	NA	NA	3.109240969	1.1	1	1	NA	54.4	NHP
4	2	2	R12044	0.024	1	100	528	24	3.109240969	0.18	9.711538462	2.043956044	NA	3.109240969	1.1	1	1	NA	54.4	NHP
4	2	2	R12044	0.024	1	100	696	24	3.109240969	0.122	8.134615385	2.787545788	NA	3.109240969	1.1	1	1	NA	54.4	NHP
4	2	3	R13106	0.024	1	100	0	24	NA	NA	NA	NA	0	3.109240969	1.1	1	1	NA	72.1	NHP
4	2	3	R13106	0.024	1	100	24	24	3.109240969	0.166	0.792708333	0.090824093	273	3.109240969	1.1	1	1	NA	72.1	NHP
4	2	3	R13106	0.024	1	100	48	24	3.109240969	0.172	NA	NA	NA	3.109240969	1.1	1	1	NA	72.1	NHP
4	2	3	R13106	0.024	1	100	72	24	3.109240969	0.1965	NA	NA	NA	3.109240969	1.1	1	1	NA	72.1	NHP
4	2	3	R13106	0.024	1	100	96	24	3.109240969	0.34	NA	NA	311	3.109240969	1.1	1	1	NA	72.1	NHP
4	2	3	R13106	0.024	1	100	120	24	3.024211924	0.1355	NA	NA	NA	3.109240969	1.1	1	1	NA	72.1	NHP
4	2	3	R13106	0.024	1	100	144	24	2.987517304	0.127	0.670833333	-0.006389776	NA	3.109240969	1.1	1	1	NA	72.1	NHP
4	2	3	R13106	0.024	1	100	168	24	3.897627091	0.125	NA	NA	465	3.109240969	1.1	1	1	NA	72.1	NHP
4	2	3	R13106	0.024	1	100	192	24	4.292256071	NA	0.856597222	0.137934599	495	3.109240969	1.1	1	1	NA	72.1	NHP
4	2	3	R13106	0.024	1	100	216	24	4.823474229	0.222	NA	NA	NA	3.109240969	1.1	1	1	NA	72.1	NHP
4	2	3	R13106	0.024	1	100	240	24	5.1430148	0.575	0.864236111	0.182103928	NA	3.109240969	1.1	1	1	NA	72.1	NHP
4	2	3	R13106	0.024	1	100	264	24	4.712930163	0.971	0.615625	0.027612291	507	3.109240969	1.1	1	1	NA	72.1	NHP
4	2	3	R13106	0.024	1	100	288	24	4.393282651	1.3325	0.678472222	-0.001597444	588	3.109240969	1.1	1	1	NA	72.1	NHP
4	2	3	R13106	0.024	1	100	360	24	2.723181928	2.9585	11.71703297	0.137362637	NA	3.109240969	1.1	1	1	NA	72.1	NHP
4	2	3	R13106	0.024	1	100	432	24	3.109240969	NA	NA	NA	NA	3.109240969	1.1	1	1	NA	72.1	NHP
4	2	3	R13106	0.024	1	100	528	24	3.109240969	0.136	14.20054945	1.78021978	NA	3.109240969	1.1	1	1	NA	72.1	NHP
4	2	3	R13106	0.024	1	100	696	24	3.109240969	0.233	12.90384615	2.827838828	NA	3.109240969	1.1	1	1	NA	72.1	NHP
4	3	0	R03074	0.09	1	100	0	24	NA	NA	NA	NA	0	3.109240969	1.1	1	1	NA	208	NHP
4	3	0	R03074	0.09	1	100	24	24	3.109240969	0.2305	0.552777778	0.199750987	207	3.109240969	1.1	1	1	NA	208	NHP
4	3	0	R03074	0.09	1	100	48	24	3.109240969	0.351	NA	NA	NA	3.109240969	1.1	1	1	NA	208	NHP
4	3	0	R03074	0.09	1	100	72	24	3.109240969	0.1505	NA	NA	NA	3.109240969	1.1	1	1	NA	208	NHP
4	3	0	R03074	0.09	1	100	96	24	3.109240969	0.138	NA	NA	366	3.109240969	1.1	1	1	NA	208	NHP
4	3	0	R03074	0.09	1	100	120	24	3.109240969	0.153	NA	NA	NA	3.109240969	1.1	1	1	NA	208	NHP
4	3	0	R03074	0.09	1	100	144	24	3.109240969	0.273	0.568402778	0.176146401	NA	3.109240969	1.1	1	1	NA	208	NHP
4	3	0	R03074	0.09	1	100	168	24	3.109240969	0.1225	NA	NA	487	3.109240969	1.1	1	1	NA	208	NHP
4	3	0	R03074	0.09	1	100	192	24	3.109240969	0.2835	0.345833333	0.067623567	453	3.109240969	1.1	1	1	NA	208	NHP
4	3	0	R03074	0.09	1	100	216	24	3.109240969	0.121	NA	NA	NA	3.109240969	1.1	1	1	NA	208	NHP
4	3	0	R03074	0.09	1	100	240	24	3.109240969	0.125	0.375	0	NA	3.109240969	1.1	1	1	NA	208	NHP
4	3	0	R03074	0.09	1	100	264	24	3.109240969	0.083	0.465277778	0.109664537	549	3.109240969	1.1	1	1	NA	208	NHP
4	3	0	R03074	0.09	1	100	288	24	3.109240969	0.24	0.470833333	0.184716219	645	3.109240969	1.1	1	1	NA	208	NHP
4	3	0	R03074	0.09	1	100	360	24	2.231299645	0.1425	0.17032967	0.358974359	NA	3.109240969	1.1	1	1	NA	208	NHP
4	3	0	R03074	0.09	1	100	432	24	6.595128643	NA	NA	NA	NA	3.109240969	1.1	1	1	NA	208	NHP
4	3	0	R03074	0.09	1	100	528	24	3.109240969	3.5835	6.06043956	0.485347985	NA	3.109240969	1.1	1	1	NA	208	NHP
4	3	0	R03074	0.09	1	100	696	24	3.109240969	0.2245	7.629120879	1.981684982	NA	3.109240969	1.1	1	1	NA	208	NHP
4	3	1	R11048	0.09	1	100	0	24	NA	NA	NA	NA	0	3.109240969	1.1	1	1	NA	126	NHP
4	3	1	R11048	0.09	1	100	24	24	3.109240969	0.376	0.575347222	0.184208795	282	3.109240969	1.1	1	1	NA	126	NHP
4	3	1	R11048	0.09	1	100	48	24	3.109240969	0.171	NA	NA	NA	3.109240969	1.1	1	1	NA	126	NHP
4	3	1	R11048	0.09	1	100	72	24	3.109240969	0.153	NA	NA	NA	3.109240969	1.1	1	1	NA	126	NHP
4	3	1	R11048	0.09	1	100	96	24	3.109240969	0.1965	NA	NA	336	3.109240969	1.1	1	1	NA	126	NHP
4	3	1	R11048	0.09	1	100	120	24	3.109240969	0.292	NA	NA	NA	3.109240969	1.1	1	1	NA	126	NHP
4	3	1	R11048	0.09	1	100	144	24	3.109240969	0.131	0.376041667	0.058673182	NA	3.109240969	1.1	1	1	NA	126	NHP
4	3	1	R11048	0.09	1	100	168	24	3.109240969	0.3005	NA	NA	426	3.109240969	1.1	1	1	NA	126	NHP
4	3	1	R11048	0.09	1	100	192	24	3.109240969	0.12	0.284027778	0.06163785	549	3.109240969	1.1	1	1	NA	126	NHP
4	3	1	R11048	0.09	1	100	216	24	3.109240969	0.118	NA	NA	NA	3.109240969	1.1	1	1	NA	126	NHP
4	3	1	R11048	0.09	1	100	240	24	3.109240969	0.1265	0.466319444	0.143309528	NA	3.109240969	1.1	1	1	NA	126	NHP
4	3	1	R11048	0.09	1	100	264	24	3.109240969	0.2455	0.392013889	0.175765833	561	3.109240969	1.1	1	1	NA	126	NHP
4	3	1	R11048	0.09	1	100	288	24	3.109240969	0.1465	0.211458333	0.054007705	651	3.109240969	1.1	1	1	NA	126	NHP
4	3	1	R11048	0.09	1	100	360	24	5.527629901	0.341	0.516483516	0.155677656	NA	3.109240969	1.1	1	1	NA	126	NHP
4	3	1	R11048	0.09	1	100	432	24	5.121669252	NA	NA	NA	NA	3.109240969	1.1	1	1	NA	126	NHP
4	3	1	R11048	0.09	1	100	528	24	3.109240969	3.822	12.05494506	0.391941392	NA	3.109240969	1.1	1	1	NA	126	NHP
4	3	1	R11048	0.09	1	100	696	24	3.109240969	0.15	11.67032967	2.28021978	NA	3.109240969	1.1	1	1	NA	126	NHP
4	3	2	R12122	0.09	1	100	0	24	NA	NA	NA	NA	0	3.109240969	1.1	1	1	NA	276	NHP
4	3	2	R12122	0.09	1	100	24	24	3.109240969	0.1395	0.445138889	0.205558166	0.192	3.109240969	1.1	1	1	NA	276	NHP
4	3	2	R12122	0.09	1	100	48	24	3.109240969	0.21	NA	NA	NA	3.109240969	1.1	1	1	NA	276	NHP
4	3	2	R12122	0.09	1	100	72	24	3.109240969	0.3515	NA	NA	NA	3.109240969	1.1	1	1	NA	276	NHP
4	3	2	R12122	0.09	1	100	96	24	3.109240969	0.1485	NA	NA	2.23	3.109240969	1.1	1	1	NA	276	NHP
4	3	2	R12122	0.09	1	100	120	24	3.109240969	0.1415	NA	NA	NA	3.109240969	1.1	1	1	NA	276	NHP
4	3	2	R12122	0.09	1	100	144	24	3.109240969	0.14	0.664236111	0.217449727	NA	3.109240969	1.1	1	1	NA	276	NHP
4	3	2	R12122	0.09	1	100	168	24	3.109240969	0.112	NA	NA	2.59	3.109240969	1.1	1	1	NA	276	NHP
4	3	2	R12122	0.09	1	100	192	24	3.109240969	0.1395	0.667708333	0.284744409	NA	3.109240969	1.1	1	1	NA	276	NHP
4	3	2	R12122	0.09	1	100	216	24	3.109240969	0.315	NA	NA	NA	3.109240969	1.1	1	1	NA	276	NHP
4	3	2	R12122	0.09	1	100	240	24	3.109240969	0.1165	0.302083333	0.137680887	NA	3.109240969	1.1	1	1	NA	276	NHP
4	3	2	R12122	0.09	1	100	264	24	3.109240969	0.111	0.267361111	0.043206164	2.69	3.109240969	1.1	1	1	NA	276	NHP
4	3	2	R12122	0.09	1	100	288	24	3.109240969	0.097	0.410763889	0.213799098	3.01	3.109240969	1.1	1	1	NA	276	NHP
4	3	2	R12122	0.09	1	100	360	24	2.767650507	0.122	0.373626374	0.141025641	NA	3.109240969	1.1	1	1	NA	276	NHP
4	3	2	R12122	0.09	1	100	432	24	2.925312091	NA	NA	NA	NA	3.109240969	1.1	1	1	NA	276	NHP
4	3	2	R12122	0.09	1	100	528	24	3.109240969	0.247	6.837912088	0.998168498	NA	3.109240969	1.1	1	1	NA	276	NHP
4	3	2	R12122	0.09	1	100	696	24	3.109240969	0.286	6.972527473	2.525641026	NA	3.109240969	1.1	1	1	NA	276	NHP
4	3	3	R14054	0.09	1	100	0	24	NA	NA	NA	NA	0.128	3.109240969	1.1	1	1	NA	172	NHP
4	3	3	R14054	0.09	1	100	24	24	3.109240969	0.1425	0.195486111	-0.114353505	1.2	3.109240969	1.1	1	1	NA	172	NHP
4	3	3	R14054	0.09	1	100	48	24	3.109240969	0.1595	NA	NA	NA	3.109240969	1.1	1	1	NA	172	NHP
4	3	3	R14054	0.09	1	100	72	24	3.109240969	0.1485	NA	NA	NA	3.109240969	1.1	1	1	NA	172	NHP
4	3	3	R14054	0.09	1	100	96	24	3.109240969	0.1675	NA	NA	1.43	3.109240969	1.1	1	1	NA	172	NHP
4	3	3	R14054	0.09	1	100	120	24	3.109240969	0.127	NA	NA	NA	3.109240969	1.1	1	1	NA	172	NHP
4	3	3	R14054	0.09	1	100	144	24	3.109240969	0.1395	0.224305556	0.009204097	NA	3.109240969	1.1	1	1	NA	172	NHP
4	3	3	R14054	0.09	1	100	168	24	3.109240969	0.1505	NA	NA	1.66	3.109240969	1.1	1	1	NA	172	NHP
4	3	3	R14054	0.09	1	100	192	24	3.109240969	0.11	0.263888889	0.002814321	NA	3.109240969	1.1	1	1	NA	172	NHP
4	3	3	R14054	0.09	1	100	216	24	3.109240969	0.1285	NA	NA	NA	3.109240969	1.1	1	1	NA	172	NHP
4	3	3	R14054	0.09	1	100	240	24	3.109240969	0.136	0.151736111	0.006516632	NA	3.109240969	1.1	1	1	NA	172	NHP
4	3	3	R14054	0.09	1	100	264	24	3.109240969	0.25	-0.004513889	-0.087502349	1.83	3.109240969	1.1	1	1	NA	172	NHP
4	3	3	R14054	0.09	1	100	288	24	3.109240969	0.119	0.166319444	0.038286976	2.1	3.109240969	1.1	1	1	NA	172	NHP
4	3	3	R14054	0.09	1	100	360	24	5.461898522	0.2595	0.129120879	-0.036630037	NA	3.109240969	1.1	1	1	NA	172	NHP
4	3	3	R14054	0.09	1	100	432	24	4.539494293	NA	NA	NA	NA	3.109240969	1.1	1	1	NA	172	NHP
4	3	3	R14054	0.09	1	100	528	24	3.109240969	2.516	12.16758242	0.600732601	NA	3.109240969	1.1	1	1	NA	172	NHP
4	3	3	R14054	0.09	1	100	696	24	3.109240969	0.1575	11.28021978	2.276556777	NA	3.109240969	1.1	1	1	NA	172	NHP
4	4	0	R10069	0.18	1	100	0	24	NA	NA	NA	NA	0	3.109240969	1.1	1	1	NA	466	NHP
4	4	0	R10069	0.18	1	100	24	24	3.109240969	0.134038801	NA	NA	1.77	3.109240969	1.1	1	1	NA	466	NHP
4	4	0	R10069	0.18	1	100	48	24	3.109240969	0.130791887	NA	NA	NA	3.109240969	1.1	1	1	NA	466	NHP
4	4	0	R10069	0.18	1	100	72	24	3.109240969	0.134628748	NA	NA	NA	3.109240969	1.1	1	1	NA	466	NHP
4	4	0	R10069	0.18	1	100	96	24	3.109240969	0.322031746	NA	NA	2.37	3.109240969	1.1	1	1	NA	466	NHP
4	4	0	R10069	0.18	1	100	120	24	3.109240969	0.108146384	NA	NA	NA	3.109240969	1.1	1	1	NA	466	NHP
4	4	0	R10069	0.18	1	100	144	24	3.109240969	0.116882716	0.35971461	0.171261487	NA	3.109240969	1.1	1	1	NA	466	NHP
4	4	0	R10069	0.18	1	100	168	24	3.255317541	0.103855379	NA	NA	2.78	3.109240969	1.1	1	1	NA	466	NHP
4	4	0	R10069	0.18	1	100	192	24	4.553044604	0.129510582	0.250929251	0.075083542	NA	3.109240969	1.1	1	1	NA	466	NHP
4	4	0	R10069	0.18	1	100	216	24	5.588940621	1.128394737	NA	NA	NA	3.109240969	1.1	1	1	NA	466	NHP
4	4	0	R10069	0.18	1	100	240	24	5.583648695	3.437473684	0.341098091	0.13294521	NA	3.109240969	1.1	1	1	NA	466	NHP
4	4	0	R10069	0.18	1	100	264	24	4.036885883	4.159421053	NA	NA	2.18	3.109240969	1.1	1	1	NA	466	NHP
4	4	0	R10069	0.18	1	100	288	24	3.109240969	4.360315789	2.727776728	0.094602827	1.94	3.109240969	1.1	1	1	NA	466	NHP
4	4	0	R10069	0.18	1	100	360	24	3.109240969	4.451	9.171045171	0.125722292	NA	3.109240969	1.1	1	1	NA	466	NHP
4	4	0	R10069	0.18	1	100	432	24	NA	NA	NA	NA	NA	3.109240969	1.1	1	1	NA	466	NHP
4	4	0	R10069	0.18	1	100	528	24	3.109240969	0.131763158	10.54397404	1.221717488	NA	3.109240969	1.1	1	1	NA	466	NHP
4	4	0	R10069	0.18	1	100	696	24	3.109240969	0.139236842	10.29580105	1.666718881	NA	3.109240969	1.1	1	1	NA	466	NHP
4	4	1	R12109	0.18	1	100	0	24	NA	NA	NA	NA	0.0939	3.109240969	1.1	1	1	NA	358	NHP
4	4	1	R12109	0.18	1	100	24	24	3.109240969	0.109347443	NA	NA	1.6	3.109240969	1.1	1	1	NA	358	NHP
4	4	1	R12109	0.18	1	100	48	24	3.109240969	0.108146384	NA	NA	NA	3.109240969	1.1	1	1	NA	358	NHP
4	4	1	R12109	0.18	1	100	72	24	3.109240969	0.133392416	NA	NA	NA	3.109240969	1.1	1	1	NA	358	NHP
4	4	1	R12109	0.18	1	100	96	24	3.109240969	0.117355379	NA	NA	1.89	3.109240969	1.1	1	1	NA	358	NHP
4	4	1	R12109	0.18	1	100	120	24	3.109240969	0.129337743	NA	NA	NA	3.109240969	1.1	1	1	NA	358	NHP
4	4	1	R12109	0.18	1	100	144	24	3.109240969	0.083091711	0.445268695	0.094620231	NA	3.109240969	1.1	1	1	NA	358	NHP
4	4	1	R12109	0.18	1	100	168	24	3.109240969	0.092828042	NA	NA	2.31	3.109240969	1.1	1	1	NA	358	NHP
4	4	1	R12109	0.18	1	100	192	24	3.109240969	1.321105263	0.477477477	0.149897313	NA	3.109240969	1.1	1	1	NA	358	NHP
4	4	1	R12109	0.18	1	100	216	24	3.109240969	0.153868421	NA	NA	NA	3.109240969	1.1	1	1	NA	358	NHP
4	4	1	R12109	0.18	1	100	240	24	3.109240969	0.113947368	0.364754615	0.093584656	NA	3.109240969	1.1	1	1	NA	358	NHP
4	4	1	R12109	0.18	1	100	264	24	3.109240969	0.180421053	NA	NA	2.29	3.109240969	1.1	1	1	NA	358	NHP
4	4	1	R12109	0.18	1	100	288	24	3.109240969	0.110894737	0.208167958	0.037045739	2.45	3.109240969	1.1	1	1	NA	358	NHP
4	4	1	R12109	0.18	1	100	360	24	3.030046214	0.174131579	0.264238014	0.00436856	NA	3.109240969	1.1	1	1	NA	358	NHP
4	4	1	R12109	0.18	1	100	432	24	NA	NA	NA	NA	NA	3.109240969	1.1	1	1	NA	358	NHP
4	4	1	R12109	0.18	1	100	528	24	4.672097858	1.404631579	0.233147483	0.023444027	NA	3.109240969	1.1	1	1	NA	358	NHP
4	4	1	R12109	0.18	1	100	696	24	3.109240969	1.131184211	9.932589933	1.265655458	NA	3.109240969	1.1	1	1	NA	358	NHP
4	4	2	R09066	0.18	1	100	0	24	NA	NA	NA	NA	0	3.109240969	1.1	1	1	NA	649	NHP
4	4	2	R09066	0.18	1	100	24	24	3.109240969	0.109347443	NA	NA	0.297	3.109240969	1.1	1	1	NA	649	NHP
4	4	2	R09066	0.18	1	100	48	24	3.109240969	0.142565256	NA	NA	NA	3.109240969	1.1	1	1	NA	649	NHP
4	4	2	R09066	0.18	1	100	72	24	3.109240969	0.224846561	NA	NA	NA	3.109240969	1.1	1	1	NA	649	NHP
4	4	2	R09066	0.18	1	100	96	24	3.109240969	0.147419753	NA	NA	6.59	3.109240969	1.1	1	1	NA	649	NHP
4	4	2	R09066	0.18	1	100	120	24	3.109240969	0.232955908	NA	NA	NA	3.109240969	1.1	1	1	NA	649	NHP
4	4	2	R09066	0.18	1	100	144	24	3.109240969	0.138892416	0.243258993	0.063657407	NA	3.109240969	1.1	1	1	NA	649	NHP
4	4	2	R09066	0.18	1	100	168	24	3.109240969	0.161328042	NA	NA	8.62	3.109240969	1.1	1	1	NA	649	NHP
4	4	2	R09066	0.18	1	100	192	24	3.109240969	0.158736842	0.173423423	0.210004177	NA	3.109240969	1.1	1	1	NA	649	NHP
4	4	2	R09066	0.18	1	100	216	24	3.109240969	0.122263158	NA	NA	NA	3.109240969	1.1	1	1	NA	649	NHP
4	4	2	R09066	0.18	1	100	240	24	2.433684513	0.257526316	0.258221508	0.080574701	NA	3.109240969	1.1	1	1	NA	649	NHP
4	4	2	R09066	0.18	1	100	264	24	3.649085506	0.158	NA	NA	7.27	3.109240969	1.1	1	1	NA	649	NHP
4	4	2	R09066	0.18	1	100	288	24	4.287190602	0.362	0.352989353	0.254394667	9.67	3.109240969	1.1	1	1	NA	649	NHP
4	4	2	R09066	0.18	1	100	360	24	3.204148935	1.067157895	0.382142632	0.100685742	NA	3.109240969	1.1	1	1	NA	649	NHP
4	4	2	R09066	0.18	1	100	432	24	NA	NA	NA	NA	NA	3.109240969	1.1	1	1	NA	649	NHP
4	4	2	R09066	0.18	1	100	528	24	3.109240969	0.725710526	8.147136647	0.699439571	NA	3.109240969	1.1	1	1	NA	649	NHP
4	4	2	R09066	0.18	1	100	696	24	3.109240969	0.063473684	7.178699679	1.425229741	NA	3.109240969	1.1	1	1	NA	649	NHP
4	5	0	R04092	0.93	1	100	0	24	NA	NA	NA	NA	0.169	3.109240969	1.1	1	1	NA	4290	NHP
4	5	0	R04092	0.93	1	100	24	24	3.109240969	0.144	0.533333333	0.112807743	4.3	3.109240969	1.1	1	1	NA	4290	NHP
4	5	0	R04092	0.93	1	100	48	24	3.109240969	0.2195	NA	NA	NA	3.109240969	1.1	1	1	NA	4290	NHP
4	5	0	R04092	0.93	1	100	72	24	3.109240969	0.1475	NA	NA	NA	3.109240969	1.1	1	1	NA	4290	NHP
4	5	0	R04092	0.93	1	100	96	24	3.109240969	0.1365	NA	NA	5397	3.109240969	1.1	1	1	NA	4290	NHP
4	5	0	R04092	0.93	1	100	120	24	3.109240969	0.136	NA	NA	NA	3.109240969	1.1	1	1	NA	4290	NHP
4	5	0	R04092	0.93	1	100	144	24	3.109240969	0.166	0.245833333	0.066152979	NA	3.109240969	1.1	1	1	NA	4290	NHP
4	5	0	R04092	0.93	1	100	168	24	3.109240969	0.1205	NA	NA	6.61	3.109240969	1.1	1	1	NA	4290	NHP
4	5	0	R04092	0.93	1	100	192	24	3.109240969	0.159	0.108680556	-0.073379064	NA	3.109240969	1.1	1	1	NA	4290	NHP
4	5	0	R04092	0.93	1	100	216	24	3.109240969	0.1565	NA	NA	NA	3.109240969	1.1	1	1	NA	4290	NHP
4	5	0	R04092	0.93	1	100	240	24	3.109240969	0.118	0.269791667	0.033494644	NA	3.109240969	1.1	1	1	NA	4290	NHP
4	5	0	R04092	0.93	1	100	264	24	3.109240969	0.1115	0.329166667	0.040264988	4.39	3.109240969	1.1	1	1	NA	4290	NHP
4	5	0	R04092	0.93	1	100	288	24	3.109240969	0.1445	0.287847222	0.075103364	4.77	3.109240969	1.1	1	1	NA	4290	NHP
4	5	0	R04092	0.93	1	100	360	24	3.109240969	0.171	0.17032967	0.06043956	NA	3.109240969	1.1	1	1	NA	4290	NHP
4	5	0	R04092	0.93	1	100	432	24	3.109240969	NA	NA	NA	NA	3.109240969	1.1	1	1	NA	4290	NHP
4	5	0	R04092	0.93	1	100	528	24	3.109240969	0.147	0.271978022	0.054945055	NA	3.109240969	1.1	1	1	NA	4290	NHP
4	5	0	R04092	0.93	1	100	696	24	3.109240969	0.1915	0.085164835	0.001831502	NA	3.109240969	1.1	1	1	NA	4290	NHP
4	5	1	R09085	0.93	1	100	0	24	NA	NA	NA	NA	0.196	3.109240969	1.1	1	1	NA	3080	NHP
4	5	1	R09085	0.93	1	100	24	24	3.109240969	0.156	3.237152778	0.103096223	9.24	3.109240969	1.1	1	1	NA	3080	NHP
4	5	1	R09085	0.93	1	100	48	24	3.109240969	0.145	NA	NA	NA	3.109240969	1.1	1	1	NA	3080	NHP
4	5	1	R09085	0.93	1	100	72	24	3.109240969	0.1905	NA	NA	NA	3.109240969	1.1	1	1	NA	3080	NHP
4	5	1	R09085	0.93	1	100	96	24	3.109240969	0.134	NA	NA	8.88	3.109240969	1.1	1	1	NA	3080	NHP
4	5	1	R09085	0.93	1	100	120	24	3.109240969	0.126	NA	NA	NA	3.109240969	1.1	1	1	NA	3080	NHP
4	5	1	R09085	0.93	1	100	144	24	3.109240969	0.142	0.432291667	0.040772411	NA	3.109240969	1.1	1	1	NA	3080	NHP
4	5	1	R09085	0.93	1	100	168	24	3.109240969	0.103	NA	NA	11	3.109240969	1.1	1	1	NA	3080	NHP
4	5	1	R09085	0.93	1	100	192	24	3.109240969	0.1245	2.933680556	0.035599511	NA	3.109240969	1.1	1	1	NA	3080	NHP
4	5	1	R09085	0.93	1	100	216	24	3.109240969	0.1635	NA	NA	NA	3.109240969	1.1	1	1	NA	3080	NHP
4	5	1	R09085	0.93	1	100	240	24	3.109240969	0.144	3.071875	-0.026268559	NA	3.109240969	1.1	1	1	NA	3080	NHP
4	5	1	R09085	0.93	1	100	264	24	3.109240969	0.101	2.882638889	0.05971152	12.2	3.109240969	1.1	1	1	NA	3080	NHP
4	5	1	R09085	0.93	1	100	288	24	3.109240969	0.1395	2.753472222	0.083344296	12.7	3.109240969	1.1	1	1	NA	3080	NHP
4	5	1	R09085	0.93	1	100	360	24	3.109240969	0.122	2.217032967	0.252747253	NA	3.109240969	1.1	1	1	NA	3080	NHP
4	5	1	R09085	0.93	1	100	432	24	3.109240969	NA	NA	NA	NA	3.109240969	1.1	1	1	NA	3080	NHP
4	5	1	R09085	0.93	1	100	528	24	3.109240969	0.1525	2.167582418	0.119047619	NA	3.109240969	1.1	1	1	NA	3080	NHP
4	5	1	R09085	0.93	1	100	696	24	3.109240969	8.249	8.846153846	0.19047619	NA	3.109240969	1.1	1	1	NA	3080	NHP
4	5	2	R12049	0.93	1	100	0	24	NA	NA	NA	NA	0	3.109240969	1.1	1	1	NA	1970	NHP
4	5	2	R12049	0.93	1	100	24	24	3.109240969	0.2085	0.913888889	0.189076301	3.56	3.109240969	1.1	1	1	NA	1970	NHP
4	5	2	R12049	0.93	1	100	48	24	3.109240969	0.391	NA	NA	NA	3.109240969	1.1	1	1	NA	1970	NHP
4	5	2	R12049	0.93	1	100	72	24	3.109240969	0.1615	NA	NA	NA	3.109240969	1.1	1	1	NA	1970	NHP
4	5	2	R12049	0.93	1	100	96	24	3.109240969	0.161	NA	NA	3.31	3.109240969	1.1	1	1	NA	1970	NHP
4	5	2	R12049	0.93	1	100	120	24	3.109240969	0.189	NA	NA	NA	3.109240969	1.1	1	1	NA	1970	NHP
4	5	2	R12049	0.93	1	100	144	24	3.109240969	0.2655	0.863541667	0.211186807	NA	3.109240969	1.1	1	1	NA	1970	NHP
4	5	2	R12049	0.93	1	100	168	24	3.109240969	0.135	NA	NA	4.35	3.109240969	1.1	1	1	NA	1970	NHP
4	5	2	R12049	0.93	1	100	192	24	3.109240969	0.334	0.338888889	0.064048111	NA	3.109240969	1.1	1	1	NA	1970	NHP
4	5	2	R12049	0.93	1	100	216	24	3.109240969	0.258	NA	NA	NA	3.109240969	1.1	1	1	NA	1970	NHP
4	5	2	R12049	0.93	1	100	240	24	3.109240969	0.198	0.257638889	0.0017243	NA	3.109240969	1.1	1	1	NA	1970	NHP
4	5	2	R12049	0.93	1	100	264	24	3.109240969	0.066	0.290625	0.045639917	3.26	3.109240969	1.1	1	1	NA	1970	NHP
4	5	2	R12049	0.93	1	100	288	24	3.109240969	0.305	0.360763889	0.133142266	5.15	3.109240969	1.1	1	1	NA	1970	NHP
4	5	2	R12049	0.93	1	100	360	24	3.109240969	0.1185	0.304945055	0.128205128	NA	3.109240969	1.1	1	1	NA	1970	NHP
4	5	2	R12049	0.93	1	100	432	24	3.109240969	NA	NA	NA	NA	3.109240969	1.1	1	1	NA	1970	NHP
4	5	2	R12049	0.93	1	100	528	24	3.109240969	0.3125	0.357142857	0.426739927	NA	3.109240969	1.1	1	1	NA	1970	NHP
4	5	2	R12049	0.93	1	100	696	24	3.109240969	0.146	0.332417582	0.113553114	NA	3.109240969	1.1	1	1	NA	1970	NHP
4	5	3	R12078	0.93	1	100	0	24	NA	NA	NA	NA	0.383	3.109240969	1.1	1	1	NA	2520	NHP
4	5	3	R12078	0.93	1	100	24	24	3.109240969	0.136	0.750694444	0.066279835	9.42	3.109240969	1.1	1	1	NA	2520	NHP
4	5	3	R12078	0.93	1	100	48	24	3.109240969	0.2005	NA	NA	NA	3.109240969	1.1	1	1	NA	2520	NHP
4	5	3	R12078	0.93	1	100	72	24	3.109240969	0.1463	NA	NA	NA	3.109240969	1.1	1	1	NA	2520	NHP
4	5	3	R12078	0.93	1	100	96	24	3.109240969	0.1285	NA	NA	132	3.109240969	1.1	1	1	NA	2520	NHP
4	5	3	R12078	0.93	1	100	120	24	3.109240969	0.1225	NA	NA	NA	3.109240969	1.1	1	1	NA	2520	NHP
4	5	3	R12078	0.93	1	100	144	24	3.109240969	0.1625	0.551736111	0.048961661	NA	3.109240969	1.1	1	1	NA	2520	NHP
4	5	3	R12078	0.93	1	100	168	24	3.109240969	0.1105	NA	NA	144	3.109240969	1.1	1	1	NA	2520	NHP
4	5	3	R12078	0.93	1	100	192	24	3.109240969	0.177	0.295486111	-0.035472656	NA	3.109240969	1.1	1	1	NA	2520	NHP
4	5	3	R12078	0.93	1	100	216	24	3.109240969	0.164	NA	NA	NA	3.109240969	1.1	1	1	NA	2520	NHP
4	5	3	R12078	0.93	1	100	240	24	3.109240969	0.1105	0.445486111	0.028956023	NA	3.109240969	1.1	1	1	NA	2520	NHP
4	5	3	R12078	0.93	1	100	264	24	3.109240969	0.1035	0.353819444	0.012525841	187	3.109240969	1.1	1	1	NA	2520	NHP
4	5	3	R12078	0.93	1	100	288	24	3.109240969	0.1455	0.35	0.067242999	155	3.109240969	1.1	1	1	NA	2520	NHP
4	5	3	R12078	0.93	1	100	360	24	3.109240969	0.1575	0.392857143	0.058608059	NA	3.109240969	1.1	1	1	NA	2520	NHP
4	5	3	R12078	0.93	1	100	432	24	3.109240969	NA	NA	NA	NA	3.109240969	1.1	1	1	NA	2520	NHP
4	5	3	R12078	0.93	1	100	528	24	3.109240969	0.1475	0.428571429	0.097069597	NA	3.109240969	1.1	1	1	NA	2520	NHP
4	5	3	R12078	0.93	1	100	696	24	3.109240969	0.169	0.263736264	0.047619048	NA	3.109240969	1.1	1	1	NA	2520	NHP
4	6	0	R09041	3	1	100	0	24	NA	NA	NA	NA	0.19	3.109240969	1.1	1	1	NA	19100	NHP
4	6	0	R09041	3	1	100	24	24	3.109240969	0.098765432	NA	NA	12.8	3.109240969	1.1	1	1	NA	19100	NHP
4	6	0	R09041	3	1	100	48	24	3.109240969	0.115319224	NA	NA	NA	3.109240969	1.1	1	1	NA	19100	NHP
4	6	0	R09041	3	1	100	72	24	3.109240969	0.13343739	NA	NA	NA	3.109240969	1.1	1	1	NA	19100	NHP
4	6	0	R09041	3	1	100	96	24	3.109240969	0.116110229	NA	NA	114	3.109240969	1.1	1	1	NA	19100	NHP
4	6	0	R09041	3	1	100	120	24	3.109240969	0.110627866	NA	NA	NA	3.109240969	1.1	1	1	NA	19100	NHP
4	6	0	R09041	3	1	100	144	24	3.109240969	0.103882716	0.216436716	0.091722361	NA	3.109240969	1.1	1	1	NA	19100	NHP
4	6	0	R09041	3	1	100	168	24	3.109240969	0.098364198	NA	NA	96.5	3.109240969	1.1	1	1	NA	19100	NHP
4	6	0	R09041	3	1	100	192	24	3.109240969	0.091709877	0.237982738	0.226495057	NA	3.109240969	1.1	1	1	NA	19100	NHP
4	6	0	R09041	3	1	100	216	24	3.109240969	0.107868421	NA	NA	NA	3.109240969	1.1	1	1	NA	19100	NHP
4	6	0	R09041	3	1	100	240	24	3.109240969	0.139263158	0.161406161	0.175308062	NA	3.109240969	1.1	1	1	NA	19100	NHP
4	6	0	R09041	3	1	100	264	24	3.109240969	0.126815789	NA	NA	107	3.109240969	1.1	1	1	NA	19100	NHP
4	6	0	R09041	3	1	100	288	24	3.109240969	0.160421053	0.194418194	0.344498399	126	3.109240969	1.1	1	1	NA	19100	NHP
4	6	0	R09041	3	1	100	360	24	3.109240969	0.138315789	0.243227493	0.146242342	NA	3.109240969	1.1	1	1	NA	19100	NHP
4	6	0	R09041	3	1	100	432	24	NA	NA	NA	NA	NA	3.109240969	1.1	1	1	NA	19100	NHP
4	6	0	R09041	3	1	100	528	24	3.109240969	0.1285	0.347744598	0.26671714	NA	3.109240969	1.1	1	1	NA	19100	NHP
4	6	0	R09041	3	1	100	696	24	3.109240969	0.086736842	0.237951238	0.236650654	NA	3.109240969	1.1	1	1	NA	19100	NHP
4	6	1	R13148	3	1	100	0	24	NA	NA	NA	NA	0.299	3.109240969	1.1	1	1	NA	20000	NHP
4	6	1	R13148	3	1	100	24	24	3.109240969	0.11287478	NA	NA	55.5	3.109240969	1.1	1	1	NA	20000	NHP
4	6	1	R13148	3	1	100	48	24	3.109240969	0.14476455	NA	NA	NA	3.109240969	1.1	1	1	NA	20000	NHP
4	6	1	R13148	3	1	100	72	24	3.109240969	0.109701058	NA	NA	NA	3.109240969	1.1	1	1	NA	20000	NHP
4	6	1	R13148	3	1	100	96	24	3.109240969	0.119273369	NA	NA	71.8	3.109240969	1.1	1	1	NA	20000	NHP
4	6	1	R13148	3	1	100	120	24	3.109240969	0.096237213	NA	NA	NA	3.109240969	1.1	1	1	NA	20000	NHP
4	6	1	R13148	3	1	100	144	24	3.109240969	0.1080097	0.52951553	0.133493456	NA	3.109240969	1.1	1	1	NA	20000	NHP
4	6	1	R13148	3	1	100	168	24	3.109240969	0.094037037	NA	NA	136	3.109240969	1.1	1	1	NA	20000	NHP
4	6	1	R13148	3	1	100	192	24	3.109240969	0.129394737	0.473209223	0.026629073	NA	3.109240969	1.1	1	1	NA	20000	NHP
4	6	1	R13148	3	1	100	216	24	3.109240969	0.145447368	NA	NA	NA	3.109240969	1.1	1	1	NA	20000	NHP
4	6	1	R13148	3	1	100	240	24	3.109240969	0.107631579	0.516269766	0.128002297	NA	3.109240969	1.1	1	1	NA	20000	NHP
4	6	1	R13148	3	1	100	264	24	3.109240969	0.867105263	NA	NA	66.2	3.109240969	1.1	1	1	NA	20000	NHP
4	6	1	R13148	3	1	100	288	24	3.109240969	0.110736842	0.428227178	0.170983013	64.8	3.109240969	1.1	1	1	NA	20000	NHP
4	6	1	R13148	3	1	100	360	24	3.109240969	0.156973684	0.437472437	0.181086397	NA	3.109240969	1.1	1	1	NA	20000	NHP
4	6	1	R13148	3	1	100	432	24	NA	NA	NA	NA	NA	3.109240969	1.1	1	1	NA	20000	NHP
4	6	1	R13148	3	1	100	528	24	3.109240969	0.096	0.454246204	0.092157477	NA	3.109240969	1.1	1	1	NA	20000	NHP
4	6	1	R13148	3	1	100	696	24	3.109240969	0.114921053	0.484297234	0.169947438	NA	3.109240969	1.1	1	1	NA	20000	NHP
4	6	2	R10035	3	1	100	0	24	NA	NA	NA	NA	0.427	3.109240969	1.1	1	1	NA	16100	NHP
4	6	2	R10035	3	1	100	24	24	3.109240969	0.079365079	0.476642727	-0.050925926	66.3	3.109240969	1.1	1	1	NA	16100	NHP
4	6	2	R10035	3	1	100	48	24	3.109240969	0.177846561	NA	NA	NA	3.109240969	1.1	1	1	NA	16100	NHP
4	6	2	R10035	3	1	100	72	24	3.109240969	0.07642769	NA	NA	NA	3.109240969	1.1	1	1	NA	16100	NHP
4	6	2	R10035	3	1	100	96	24	3.109240969	0.14176455	NA	NA	80.3	3.109240969	1.1	1	1	NA	16100	NHP
4	6	2	R10035	3	1	100	120	24	3.109240969	0.061318342	NA	NA	NA	3.109240969	1.1	1	1	NA	16100	NHP
4	6	2	R10035	3	1	100	144	24	3.109240969	0.131791887	0.027531028	0.060446255	NA	3.109240969	1.1	1	1	NA	16100	NHP
4	6	2	R10035	3	1	100	168	24	3.109240969	0.069227513	NA	NA	136	3.109240969	1.1	1	1	NA	16100	NHP
4	6	2	R10035	3	1	100	192	24	3.109240969	0.138921053	0.267403767	0.155788777	NA	3.109240969	1.1	1	1	NA	16100	NHP
4	6	2	R10035	3	1	100	216	24	3.109240969	0.127842105	NA	NA	NA	3.109240969	1.1	1	1	NA	16100	NHP
4	6	2	R10035	3	1	100	240	24	3.109240969	0.131842105	0.082703333	0.116297689	NA	3.109240969	1.1	1	1	NA	16100	NHP
4	6	2	R10035	3	1	100	264	24	3.109240969	0.099078947	NA	NA	75.3	3.109240969	1.1	1	1	NA	16100	NHP
4	6	2	R10035	3	1	100	288	24	3.109240969	0.128815789	0.172163422	0.180955862	124	3.109240969	1.1	1	1	NA	16100	NHP
4	6	2	R10035	3	1	100	360	24	3.109240969	0.100315789	0.082199332	0.119604567	NA	3.109240969	1.1	1	1	NA	16100	NHP
4	6	2	R10035	3	1	100	432	24	NA	NA	NA	NA	NA	3.109240969	1.1	1	1	NA	16100	NHP
4	6	2	R10035	3	1	100	528	24	3.109240969	0.110894737	0.214656965	0.198021094	NA	3.109240969	1.1	1	1	NA	16100	NHP
4	6	2	R10035	3	1	100	696	24	3.109240969	1.8175	5.323615574	0.252819549	NA	3.109240969	1.1	1	1	NA	16100	NHP
